encoder,0,0, 0.0
GpsData: (0.0, 0.0, nan, nan, nan, 1, 0)
2013:06:09:16:44:10 100 $master,250,250,1,1

encoder,0,0, 0.0
GpsData: (0.0, 0.0, nan, nan, nan, 1, 0)
2013:06:09:16:44:10 99 $master,250,250,1,1

encoder,0,0, 0.0
GpsData: (-6.974028333, 107.630663333, 684.3, 0.0, 0.0, 3, 12)
2013:06:09:16:44:10 98 $master,250,250,1,1

encoder,0,0, 0.0
GpsData: (-6.974028333, 107.630663333, 684.3, 0.0, 0.0, 3, 12)
2013:06:09:16:44:10 97 $master,250,250,1,1

encoder,0,0, 0.0
GpsData: (-6.974028333, 107.630663333, 684.3, 0.0, 0.0, 3, 12)
2013:06:09:16:44:10 96 $master,250,250,1,1

encoder,0,0, 0.0
GpsData: (-6.974028333, 107.630663333, 684.3, 0.0, 0.0, 3, 12)
2013:06:09:16:44:11 95 $master,250,250,1,1

encoder,0,0, 0.0
GpsData: (-6.974028333, 107.630663333, 684.3, 0.0, 0.0, 3, 12)
2013:06:09:16:44:11 94 $master,250,250,1,1

encoder,0,0, 0.0
GpsData: (-6.974028333, 107.630663333, 684.3, 0.0, 0.0, 3, 12)
2013:06:09:16:44:11 93 $master,250,250,1,1

encoder,0,0, 0.0
GpsData: (-6.974028333, 107.630663333, 684.3, 0.0, 0.0, 3, 12)
2013:06:09:16:44:11 92 $master,250,250,1,1

encoder,0,0, 0.0
GpsData: (-6.974028333, 107.630663333, 684.3, 0.0, 0.0, 3, 12)
2013:06:09:16:44:11 91 $master,250,250,1,1

encoder,0,0, 0.0
GpsData: (-6.974028333, 107.630663333, 684.3, 0.0, 0.0, 3, 12)
2013:06:09:16:44:12 90 $master,250,250,1,1

encoder,0,0, 0.0
GpsData: (-6.974028333, 107.630663333, 684.3, 0.0, 0.0, 3, 12)
2013:06:09:16:44:12 89 $master,250,250,1,1

encoder,0,0, 0.0
GpsData: (-6.974028333, 107.630663333, 684.3, 0.0, 0.0, 3, 12)
2013:06:09:16:44:12 88 $master,250,250,1,1

encoder,0,0, 0.0
GpsData: (-6.974028333, 107.630663333, 684.3, 0.0, 0.0, 3, 12)
2013:06:09:16:44:12 87 $master,250,250,1,1

encoder,0,0, 0.0
GpsData: (-6.974028333, 107.630663333, 684.3, 0.0, 0.0, 3, 12)
2013:06:09:16:44:12 86 $master,250,250,1,1

encoder,0,0, 0.0
GpsData: (-6.974028333, 107.630663333, 684.3, 0.0, 0.0, 3, 12)
2013:06:09:16:44:13 85 $master,250,250,1,1

encoder,0,0, 0.0
GpsData: (-6.974028333, 107.630663333, 684.3, 0.0, 0.0, 3, 12)
2013:06:09:16:44:13 84 $master,250,250,1,1

encoder,0,0, 0.0
GpsData: (-6.974028333, 107.630663333, 684.3, 0.0, 0.0, 3, 12)
2013:06:09:16:44:13 83 $master,250,250,1,1

encoder,0,0, 0.0
GpsData: (-6.974028333, 107.630663333, 684.3, 0.0, 0.0, 3, 12)
2013:06:09:16:44:13 82 $master,250,250,1,1

encoder,0,0, 0.0
GpsData: (-6.974028333, 107.630663333, 684.3, 0.0, 0.0, 3, 12)
2013:06:09:16:44:13 81 $master,250,250,1,1

encoder,0,0, 0.0
GpsData: (-6.974028333, 107.630663333, 684.3, 0.0, 0.0, 3, 12)
2013:06:09:16:44:14 80 $master,250,250,1,1

encoder,0,0, 1.0
GpsData: (-6.974028333, 107.630663333, 684.3, 0.0, 0.0, 3, 12)
2013:06:09:16:44:14 79 $master,250,250,1,1

encoder,0,0, 0.0
GpsData: (-6.974028333, 107.630663333, 684.3, 0.0, 0.0, 3, 12)
2013:06:09:16:44:14 78 $master,250,250,1,1

encoder,0,0, 0.0
GpsData: (-6.974028333, 107.630663333, 684.3, 0.0, 0.0, 3, 12)
2013:06:09:16:44:14 77 $master,250,250,1,1

encoder,0,0, 0.0
GpsData: (-6.974028333, 107.630663333, 684.3, 0.0, 0.0, 3, 12)
2013:06:09:16:44:15 76 $master,250,250,1,1

encoder,0,0, 1.0
GpsData: (-6.974028333, 107.630663333, 684.3, 0.0, 0.0, 3, 12)
2013:06:09:16:44:15 75 $master,250,250,1,1

encoder,0,0, -1.0
GpsData: (-6.974028333, 107.630663333, 684.3, 0.0, 0.0, 3, 12)
2013:06:09:16:44:15 74 $master,250,250,1,1

encoder,0,0, -1.0
GpsData: (-6.974028333, 107.630663333, 684.3, 0.0, 0.0, 3, 12)
2013:06:09:16:44:16 73 $master,250,250,1,1

encoder,0,0, -1.0
GpsData: (-6.974028333, 107.630663333, 684.3, 0.0, 0.0, 3, 12)
2013:06:09:16:44:16 72 $master,250,250,1,1

encoder,0,0, -2.0
GpsData: (-6.974028333, 107.630663333, 684.3, 0.0, 0.0, 3, 12)
2013:06:09:16:44:16 71 $master,250,250,1,1

encoder,0,0, -2.0
GpsData: (-6.974028333, 107.630663333, 684.3, 0.0, 0.0, 3, 12)
2013:06:09:16:44:16 70 $master,250,250,1,1

encoder,0,0, -3.0
GpsData: (-6.974028333, 107.630663333, 684.3, 0.0, 0.0, 3, 12)
2013:06:09:16:44:17 69 $master,250,250,1,1

encoder,0,0, -4.0
GpsData: (-6.974028333, 107.630663333, 684.3, 0.0, 0.0, 3, 12)
2013:06:09:16:44:17 68 $master,250,250,1,1

encoder,0,0, -3.0
GpsData: (-6.974028333, 107.630663333, 684.3, 0.0, 0.0, 3, 12)
2013:06:09:16:44:17 67 $master,250,250,1,1

encoder,0,0, -4.0
GpsData: (-6.974028333, 107.630663333, 684.3, 0.0, 0.0, 3, 12)
2013:06:09:16:44:17 66 $master,250,250,1,1

encoder,0,0, -4.0
GpsData: (-6.974028333, 107.630663333, 684.3, 0.0, 0.0, 3, 12)
2013:06:09:16:44:17 65 $master,250,250,1,1

encoder,0,0, -6.0
GpsData: (-6.974028333, 107.630663333, 684.3, 0.0, 0.0, 3, 12)
2013:06:09:16:44:18 64 $master,250,250,1,1

encoder,0,0, -6.0
GpsData: (-6.974028333, 107.630663333, 684.3, 0.0, 0.0, 3, 12)
2013:06:09:16:44:18 63 $master,250,250,1,1

encoder,0,0, -7.0
GpsData: (-6.974028333, 107.630663333, 684.3, 0.0, 0.0, 3, 12)
2013:06:09:16:44:18 62 $master,250,250,1,1

encoder,0,0, -6.0
GpsData: (-6.974028333, 107.630663333, 684.3, 0.0, 0.0, 3, 12)
2013:06:09:16:44:18 61 $master,250,250,1,1

encoder,0,0, -6.0
GpsData: (-6.974028333, 107.630663333, 684.3, 0.0, 0.0, 3, 12)
2013:06:09:16:44:18 60 $master,250,250,1,1

encoder,0,0, -5.0
GpsData: (-6.974028333, 107.630663333, 684.3, 0.0, 0.0, 3, 12)
2013:06:09:16:44:19 59 $master,250,250,1,1

encoder,0,0, -7.0
GpsData: (-6.974028333, 107.630663333, 684.3, 0.0, 0.0, 3, 12)
2013:06:09:16:44:19 58 $master,250,250,1,1

encoder,0,0, -8.0
GpsData: (-6.974028333, 107.630663333, 684.3, 0.0, 0.0, 3, 12)
2013:06:09:16:44:19 57 $master,250,250,1,1

encoder,0,0, -8.0
GpsData: (-6.974028333, 107.630663333, 684.3, 0.0, 0.0, 3, 12)
2013:06:09:16:44:19 56 $master,250,250,1,1

encoder,0,0, -8.0
GpsData: (-6.974028333, 107.630663333, 684.3, 0.0, 0.0, 3, 12)
2013:06:09:16:44:19 55 $master,250,250,1,1

encoder,0,0, -8.0
GpsData: (-6.974028333, 107.630663333, 684.3, 0.0, 0.0, 3, 12)
2013:06:09:16:44:20 54 $master,250,250,1,1

encoder,0,0, -7.0
GpsData: (-6.974028333, 107.630663333, 684.3, 0.0, 0.0, 3, 12)
2013:06:09:16:44:20 53 $master,250,250,1,1

encoder,0,0, -8.0
GpsData: (-6.974028333, 107.630663333, 684.3, 0.0, 0.0, 3, 12)
2013:06:09:16:44:20 52 $master,250,250,1,1

encoder,0,0, -9.0
GpsData: (-6.974028333, 107.630663333, 684.3, 0.0, 0.0, 3, 12)
2013:06:09:16:44:20 51 $master,250,250,1,1

encoder,0,0, -10.0
GpsData: (-6.974028333, 107.630663333, 684.3, 0.0, 0.0, 3, 12)
2013:06:09:16:44:20 50 $master,250,250,1,1

encoder,0,0, -10.0
GpsData: (-6.974028333, 107.630663333, 684.3, 0.0, 0.0, 3, 12)
2013:06:09:16:44:21 49 $master,250,250,1,1

encoder,0,0, -10.0
GpsData: (-6.974028333, 107.630663333, 684.3, 0.0, 0.0, 3, 12)
2013:06:09:16:44:21 48 $master,250,250,1,1

encoder,0,0, -9.0
GpsData: (-6.974028333, 107.630663333, 684.3, 0.0, 0.0, 3, 12)
2013:06:09:16:44:21 47 $master,250,250,1,1

encoder,0,0, -10.0
GpsData: (-6.974028333, 107.630663333, 684.3, 0.0, 0.0, 3, 12)
2013:06:09:16:44:21 46 $master,250,250,1,1

encoder,0,0, -10.0
GpsData: (-6.974028333, 107.630663333, 684.3, 0.0, 0.0, 3, 12)
2013:06:09:16:44:21 45 $master,250,250,1,1

encoder,0,0, -12.0
GpsData: (-6.974028333, 107.630663333, 684.3, 0.0, 0.0, 3, 12)
2013:06:09:16:44:22 44 $master,250,250,1,1

encoder,0,0, -13.0
GpsData: (-6.974028333, 107.630663333, 684.3, 0.0, 0.0, 3, 12)
2013:06:09:16:44:22 43 $master,250,250,1,1

encoder,0,0, -12.0
GpsData: (-6.974028333, 107.630663333, 684.3, 0.0, 0.0, 3, 12)
2013:06:09:16:44:22 42 $master,250,250,1,1

encoder,0,0, -12.0
GpsData: (-6.974028333, 107.630663333, 684.3, 0.0, 0.0, 3, 12)
2013:06:09:16:44:22 41 $master,250,250,1,1

encoder,0,0, -12.0
GpsData: (-6.974028333, 107.630663333, 684.3, 0.0, 0.0, 3, 12)
2013:06:09:16:44:22 40 $master,250,250,1,1

encoder,0,0, -13.0
GpsData: (-6.974028333, 107.630663333, 684.3, 0.0, 0.0, 3, 12)
2013:06:09:16:44:23 39 $master,250,250,1,1

encoder,0,0, -14.0
GpsData: (-6.974028333, 107.630663333, 684.3, 0.0, 0.0, 3, 12)
2013:06:09:16:44:23 38 $master,250,250,1,1

encoder,0,0, -14.0
GpsData: (-6.974028333, 107.630663333, 684.3, 0.0, 0.0, 3, 12)
2013:06:09:16:44:23 37 $master,250,250,1,1

encoder,0,0, -15.0
GpsData: (-6.974028333, 107.630663333, 684.3, 0.0, 0.0, 3, 12)
2013:06:09:16:44:23 36 $master,250,250,1,1

encoder,0,0, -14.0
GpsData: (-6.974028333, 107.630663333, 684.3, 0.0, 0.0, 3, 12)
2013:06:09:16:44:23 35 $master,250,250,1,1

encoder,0,0, -13.0
GpsData: (-6.974028333, 107.630663333, 684.3, 0.0, 0.0, 3, 12)
2013:06:09:16:44:24 34 $master,250,250,1,1

encoder,0,0, -15.0
GpsData: (-6.974028333, 107.630663333, 684.3, 0.0, 0.0, 3, 12)
2013:06:09:16:44:24 33 $master,250,250,1,1

encoder,0,0, -17.0
GpsData: (-6.974028333, 107.630663333, 684.3, 0.0, 0.0, 3, 12)
2013:06:09:16:44:24 32 $master,250,250,1,1

encoder,0,0, -17.0
GpsData: (-6.974028333, 107.630663333, 684.3, 0.0, 0.0, 3, 12)
2013:06:09:16:44:24 31 $master,250,250,1,1

encoder,0,0, -17.0
GpsData: (-6.974028333, 107.630663333, 684.3, 0.0, 0.0, 3, 12)
2013:06:09:16:44:24 30 $master,250,250,1,1

encoder,0,0, -16.0
GpsData: (-6.974028333, 107.630663333, 684.3, 0.0, 0.0, 3, 12)
2013:06:09:16:44:25 29 $master,250,250,1,1

encoder,0,0, -16.0
GpsData: (-6.974028333, 107.630663333, 684.3, 0.0, 0.0, 3, 12)
2013:06:09:16:44:25 28 $master,250,250,1,1

encoder,0,0, -17.0
GpsData: (-6.974028333, 107.630663333, 684.3, 0.0, 0.0, 3, 11)
2013:06:09:16:44:25 27 $master,250,250,1,1

encoder,0,0, -20.0
GpsData: (-6.974028333, 107.630663333, 684.3, 0.0, 0.0, 3, 11)
2013:06:09:16:44:25 26 $master,250,250,1,1

encoder,0,0, -19.0
GpsData: (-6.974028333, 107.630663333, 684.3, 0.0, 0.0, 3, 11)
2013:06:09:16:44:25 25 $master,250,250,1,1

encoder,0,0, -20.0
GpsData: (-6.974028333, 107.630663333, 684.3, 0.0, 0.0, 3, 11)
2013:06:09:16:44:26 24 $master,250,250,1,1

encoder,0,0, -19.0
GpsData: (-6.974028333, 107.630663333, 684.3, 0.0, 0.0, 3, 11)
2013:06:09:16:44:26 23 $master,250,250,1,1

encoder,0,0, -19.0
GpsData: (-6.974028333, 107.630663333, 684.3, 0.0, 0.0, 3, 11)
2013:06:09:16:44:26 22 $master,250,250,1,1

encoder,0,0, -19.0
GpsData: (-6.974028333, 107.630663333, 684.3, 0.0, 0.0, 3, 11)
2013:06:09:16:44:26 21 $master,250,250,1,1

encoder,0,0, -20.0
GpsData: (-6.974028333, 107.630663333, 684.3, 0.0, 0.0, 3, 11)
2013:06:09:16:44:26 20 $master,250,250,1,1

encoder,0,0, -12.0
GpsData: (-6.974028333, 107.630663333, 684.3, 0.0, 0.0, 3, 11)
2013:06:09:16:44:27 19 $master,250,250,1,1

encoder,0,0, -6.0
GpsData: (-6.974028333, 107.630663333, 684.3, 0.0, 0.0, 3, 11)
2013:06:09:16:44:27 18 $master,250,250,1,1

encoder,0,0, -8.0
GpsData: (-6.974028333, 107.630663333, 684.3, 0.0, 0.0, 3, 11)
2013:06:09:16:44:27 17 $master,250,250,1,1

encoder,0,0, -14.0
GpsData: (-6.974028333, 107.630663333, 684.3, 0.0, 0.0, 3, 11)
2013:06:09:16:44:27 16 $master,250,250,1,1

encoder,0,0, -11.0
GpsData: (-6.974028333, 107.630663333, 684.3, 0.0, 0.0, 3, 11)
2013:06:09:16:44:27 15 $master,250,250,1,1

encoder,0,0, -10.0
GpsData: (-6.974028333, 107.630663333, 684.3, 0.0, 0.0, 3, 11)
2013:06:09:16:44:28 14 $master,250,250,1,1

encoder,0,0, 0.0
GpsData: (-6.974028333, 107.630663333, 684.3, 0.0, 0.0, 3, 11)
2013:06:09:16:44:28 13 $master,250,250,1,1

encoder,0,0, 13.0
GpsData: (-6.974028333, 107.630663333, 684.3, 0.0, 0.0, 3, 11)
2013:06:09:16:44:28 12 $master,250,250,1,1

encoder,0,0, 23.0
GpsData: (-6.974028333, 107.630663333, 684.3, 0.0, 0.0, 3, 11)
2013:06:09:16:44:28 11 $master,250,250,1,1

encoder,0,0, 36.0
GpsData: (-6.974028333, 107.630663333, 684.3, 0.0, 0.0, 3, 11)
2013:06:09:16:44:28 10 $master,250,250,1,1

encoder,0,0, 41.0
GpsData: (-6.974028333, 107.630663333, 684.3, 0.0, 0.0, 3, 11)
2013:06:09:16:44:29 9 $master,250,250,1,1

encoder,0,0, 46.0
GpsData: (-6.974028333, 107.630663333, 684.3, 0.0, 0.0, 3, 11)
2013:06:09:16:44:29 8 $master,250,250,1,1

encoder,0,0, 50.0
GpsData: (-6.974028333, 107.630663333, 684.3, 0.0, 0.0, 3, 11)
2013:06:09:16:44:29 7 $master,250,250,1,1

encoder,0,0, 59.0
GpsData: (-6.974028333, 107.630663333, 684.3, 0.0, 0.0, 3, 11)
2013:06:09:16:44:29 6 $master,250,250,1,1

encoder,0,0, 65.0
GpsData: (-6.974028333, 107.630663333, 684.3, 0.0, 0.0, 3, 11)
2013:06:09:16:44:29 5 $master,250,250,1,1

encoder,0,0, 67.0
GpsData: (-6.974028333, 107.630663333, 684.3, 0.0, 0.0, 3, 11)
2013:06:09:16:44:30 4 $master,250,250,1,1

encoder,0,0, 67.0
GpsData: (-6.974028333, 107.630663333, 684.3, 0.0, 0.0, 3, 11)
2013:06:09:16:44:30 3 $master,250,250,1,1

encoder,0,0, 60.0
GpsData: (-6.974028333, 107.630663333, 684.3, 0.0, 0.0, 3, 11)
2013:06:09:16:44:30 2 $master,250,250,1,1

encoder,0,0, 51.0
GpsData: (-6.974028333, 107.630663333, 684.3, 0.0, 0.0, 3, 11)
2013:06:09:16:44:30 1 $master,250,250,1,1

