encoder,0,1, 46.0
GpsData: (-6.976015, 107.630355, 687.6, 0.0, 0.0, 3, 12)
2013:06:09:16:46:19 100 $master,240,240,1,1

encoder,0,1, 61.0
GpsData: (-6.976015, 107.630355, 687.6, 0.0, 0.0, 3, 12)
2013:06:09:16:46:19 99 $master,240,240,1,1

encoder,0,1, 45.0
GpsData: (-6.976015, 107.630355, 687.6, 0.0, 0.0, 3, 12)
2013:06:09:16:46:19 98 $master,240,240,1,1

encoder,0,1, 40.0
GpsData: (-6.976015, 107.630355, 687.6, 0.0, 0.0, 3, 12)
2013:06:09:16:46:19 97 $master,240,240,1,1

encoder,0,1, 39.0
GpsData: (-6.976015, 107.630355, 687.6, 0.0, 0.0, 3, 12)
2013:06:09:16:46:20 96 $master,240,240,1,1

encoder,0,1, 41.0
GpsData: (-6.976015, 107.630355, 687.6, 0.0, 0.0, 3, 12)
2013:06:09:16:46:20 95 $master,240,240,1,1

encoder,0,1, 41.0
GpsData: (-6.976015, 107.630355, 687.6, 0.0, 0.0, 3, 12)
2013:06:09:16:46:20 94 $master,240,240,1,1

encoder,0,1, 38.0
GpsData: (-6.976015, 107.630355, 687.6, 0.0, 0.0, 3, 12)
2013:06:09:16:46:21 93 $master,240,240,1,1

encoder,0,1, 34.0
GpsData: (-6.976015, 107.630355, 687.6, 0.0, 0.0, 3, 12)
2013:06:09:16:46:21 92 $master,240,240,1,1

encoder,0,1, 33.0
GpsData: (-6.976015, 107.630355, 687.6, 0.0, 0.0, 3, 12)
2013:06:09:16:46:22 91 $master,240,240,1,1

encoder,0,1, 34.0
GpsData: (-6.976015, 107.630355, 687.6, 0.0, 0.0, 3, 12)
2013:06:09:16:46:22 90 $master,240,240,1,1

encoder,0,1, 28.0
GpsData: (-6.976015, 107.630355, 687.6, 0.0, 0.0, 3, 12)
2013:06:09:16:46:22 89 $master,240,240,1,1

encoder,0,1, 29.0
GpsData: (-6.976015, 107.630355, 687.6, 0.0, 0.0, 3, 12)
2013:06:09:16:46:22 88 $master,240,240,1,1

encoder,0,1, 29.0
GpsData: (-6.976015, 107.630355, 687.6, 0.0, 0.0, 3, 12)
2013:06:09:16:46:22 87 $master,240,240,1,1

encoder,0,1, 29.0
GpsData: (-6.976015, 107.630355, 687.6, 0.0, 0.0, 3, 12)
2013:06:09:16:46:23 86 $master,240,240,1,1

encoder,0,1, 28.0
GpsData: (-6.976015, 107.630355, 687.6, 0.0, 0.0, 3, 12)
2013:06:09:16:46:23 85 $master,240,240,1,1

encoder,0,1, 27.0
GpsData: (-6.976015, 107.630355, 687.6, 0.0, 0.0, 3, 12)
2013:06:09:16:46:23 84 $master,240,240,1,1

encoder,0,1, 26.0
GpsData: (-6.976015, 107.630355, 687.6, 0.0, 0.0, 3, 12)
2013:06:09:16:46:23 83 $master,240,240,1,1

encoder,0,1, 24.0
GpsData: (-6.976015, 107.630355, 687.6, 0.0, 0.0, 3, 12)
2013:06:09:16:46:23 82 $master,240,240,1,1

encoder,0,1, 22.0
GpsData: (-6.976015, 107.630355, 687.6, 0.0, 0.0, 3, 12)
2013:06:09:16:46:24 81 $master,240,240,1,1

encoder,0,1, 21.0
GpsData: (-6.976015, 107.630355, 687.6, 0.0, 0.0, 3, 12)
2013:06:09:16:46:24 80 $master,240,240,1,1

encoder,0,1, 20.0
GpsData: (-6.976015, 107.630355, 687.6, 0.0, 0.0, 3, 12)
2013:06:09:16:46:24 79 $master,240,240,1,1

encoder,0,1, 19.0
GpsData: (-6.976015, 107.630355, 687.6, 0.0, 0.0, 3, 12)
2013:06:09:16:46:24 78 $master,240,240,1,1

encoder,0,1, 18.0
GpsData: (-6.976015, 107.630355, 687.6, 0.0, 0.0, 3, 12)
2013:06:09:16:46:24 77 $master,240,240,1,1

encoder,0,1, 17.0
GpsData: (-6.976015, 107.630355, 687.6, 0.0, 0.0, 3, 12)
2013:06:09:16:46:25 76 $master,240,240,1,1

encoder,0,1, 17.0
GpsData: (-6.976015, 107.630355, 687.6, 0.0, 0.0, 3, 12)
2013:06:09:16:46:25 75 $master,240,240,1,1

encoder,0,1, 18.0
GpsData: (-6.976015, 107.630355, 687.6, 0.0, 0.0, 3, 12)
2013:06:09:16:46:25 74 $master,240,240,1,1

encoder,0,1, 16.0
GpsData: (-6.976015, 107.630355, 687.6, 0.0, 0.0, 3, 12)
2013:06:09:16:46:25 73 $master,240,240,1,1

encoder,0,1, 16.0
GpsData: (-6.976015, 107.630355, 687.6, 0.0, 0.0, 3, 12)
2013:06:09:16:46:26 72 $master,240,240,1,1

encoder,0,1, 13.0
GpsData: (-6.976015, 107.630355, 687.6, 0.0, 0.0, 3, 12)
2013:06:09:16:46:26 71 $master,240,240,1,1

encoder,0,1, 14.0
GpsData: (-6.976015, 107.630355, 687.6, 0.0, 0.0, 3, 12)
2013:06:09:16:46:26 70 $master,240,240,1,1

encoder,0,1, 13.0
GpsData: (-6.976015, 107.630355, 687.6, 0.0, 0.0, 3, 12)
2013:06:09:16:46:26 69 $master,240,240,1,1

encoder,0,1, 12.0
GpsData: (-6.976015, 107.630355, 687.6, 0.0, 0.0, 3, 12)
2013:06:09:16:46:26 68 $master,240,240,1,1

encoder,0,1, 12.0
GpsData: (-6.976015, 107.630355, 687.6, 0.0, 0.0, 3, 12)
2013:06:09:16:46:27 67 $master,240,240,1,1

encoder,0,1, 11.0
GpsData: (-6.976015, 107.630355, 687.6, 0.0, 0.0, 3, 12)
2013:06:09:16:46:27 66 $master,240,240,1,1

encoder,0,1, 9.0
GpsData: (-6.976015, 107.630355, 687.6, 0.0, 0.0, 3, 12)
2013:06:09:16:46:27 65 $master,240,240,1,1

encoder,0,1, 10.0
GpsData: (-6.976015, 107.630355, 687.6, 0.0, 0.0, 3, 12)
2013:06:09:16:46:27 64 $master,240,240,1,1

encoder,0,1, 10.0
GpsData: (-6.976015, 107.630355, 687.6, 0.0, 0.0, 3, 12)
2013:06:09:16:46:27 63 $master,240,240,1,1

encoder,0,1, 9.0
GpsData: (-6.976015, 107.630355, 687.6, 0.0, 0.0, 3, 12)
2013:06:09:16:46:28 62 $master,240,240,1,1

encoder,0,1, 9.0
GpsData: (-6.976015, 107.630355, 687.6, 0.0, 0.0, 3, 12)
2013:06:09:16:46:28 61 $master,240,240,1,1

encoder,0,1, 9.0
GpsData: (-6.976015, 107.630355, 687.6, 0.0, 0.0, 3, 12)
2013:06:09:16:46:28 60 $master,240,240,1,1

encoder,0,1, 7.0
GpsData: (-6.976015, 107.630355, 687.6, 0.0, 0.0, 3, 12)
2013:06:09:16:46:28 59 $master,240,240,1,1

encoder,0,1, 4.0
GpsData: (-6.976015, 107.630355, 687.6, 0.0, 0.0, 3, 12)
2013:06:09:16:46:28 58 $master,240,240,1,1

encoder,0,1, 5.0
GpsData: (-6.976015, 107.630355, 687.6, 0.0, 0.0, 3, 12)
2013:06:09:16:46:29 57 $master,240,240,1,1

encoder,0,1, 4.0
GpsData: (-6.976015, 107.630355, 687.6, 0.0, 0.0, 3, 12)
2013:06:09:16:46:29 56 $master,240,240,1,1

encoder,0,1, 4.0
GpsData: (-6.976015, 107.630355, 687.6, 0.0, 0.0, 3, 12)
2013:06:09:16:46:29 55 $master,240,240,1,1

encoder,0,1, 3.0
GpsData: (-6.976015, 107.630355, 687.6, 0.0, 0.0, 3, 12)
2013:06:09:16:46:29 54 $master,240,240,1,1

encoder,0,1, 3.0
GpsData: (-6.976015, 107.630355, 687.6, 0.0, 0.0, 3, 12)
2013:06:09:16:46:29 53 $master,240,240,1,1

encoder,0,1, 2.0
GpsData: (-6.976015, 107.630355, 687.6, 0.0, 0.0, 3, 12)
2013:06:09:16:46:30 52 $master,240,240,1,1

encoder,0,1, 3.0
GpsData: (-6.976015, 107.630355, 687.6, 0.0, 0.0, 3, 12)
2013:06:09:16:46:30 51 $master,240,240,1,1

encoder,0,1, 2.0
GpsData: (-6.976015, 107.630355, 687.6, 0.0, 0.0, 3, 12)
2013:06:09:16:46:30 50 $master,240,240,1,1

encoder,0,1, 1.0
GpsData: (-6.976015, 107.630355, 687.6, 0.0, 0.0, 3, 12)
2013:06:09:16:46:30 49 $master,240,240,1,1

encoder,0,1, 1.0
GpsData: (-6.976015, 107.630355, 687.6, 0.0, 0.0, 3, 12)
2013:06:09:16:46:30 48 $master,240,240,1,1

encoder,0,1, 1.0
GpsData: (-6.976015, 107.630355, 687.6, 0.0, 0.0, 3, 12)
2013:06:09:16:46:31 47 $master,240,240,1,1

encoder,0,1, 358.0
GpsData: (-6.976015, 107.630355, 687.6, 0.0, 0.0, 3, 12)
2013:06:09:16:46:31 46 $master,240,240,1,1

encoder,0,1, 0.0
GpsData: (-6.976015, 107.630355, 687.6, 0.0, 0.0, 3, 12)
2013:06:09:16:46:31 45 $master,240,240,1,1

encoder,0,1, 359.0
GpsData: (-6.976015, 107.630355, 687.6, 0.0, 0.0, 3, 12)
2013:06:09:16:46:31 44 $master,240,240,1,1

encoder,0,1, 358.0
GpsData: (-6.976015, 107.630355, 687.6, 0.0, 0.0, 3, 12)
2013:06:09:16:46:31 43 $master,240,240,1,1

encoder,0,1, 357.0
GpsData: (-6.976015, 107.630355, 687.6, 0.0, 0.0, 3, 12)
2013:06:09:16:46:32 42 $master,240,240,1,1

encoder,0,1, 358.0
GpsData: (-6.976015, 107.630355, 687.6, 0.0, 0.0, 3, 12)
2013:06:09:16:46:32 41 $master,240,240,1,1

encoder,0,1, 355.0
GpsData: (-6.976015, 107.630355, 687.6, 0.0, 0.0, 3, 12)
2013:06:09:16:46:32 40 $master,240,240,1,1

encoder,0,1, 351.0
GpsData: (-6.976015, 107.630355, 687.6, 0.0, 0.0, 3, 12)
2013:06:09:16:46:32 39 $master,240,240,1,1

encoder,0,1, 348.0
GpsData: (-6.976015, 107.630355, 687.6, 0.0, 0.0, 3, 12)
2013:06:09:16:46:32 38 $master,240,240,1,1

encoder,0,1, 349.0
GpsData: (-6.976015, 107.630355, 687.6, 0.0, 0.0, 3, 12)
2013:06:09:16:46:33 37 $master,240,240,1,1

encoder,0,1, 348.0
GpsData: (-6.976015, 107.630355, 687.6, 0.0, 0.0, 3, 12)
2013:06:09:16:46:33 36 $master,240,240,1,1

encoder,0,1, 347.0
GpsData: (-6.976015, 107.630355, 687.6, 0.0, 0.0, 3, 12)
2013:06:09:16:46:33 35 $master,240,240,1,1

encoder,0,1, 347.0
GpsData: (-6.976015, 107.630355, 687.6, 0.0, 0.0, 3, 12)
2013:06:09:16:46:33 34 $master,240,240,1,1

encoder,0,1, 347.0
GpsData: (-6.976015, 107.630355, 687.6, 0.0, 0.0, 3, 12)
2013:06:09:16:46:33 33 $master,240,240,1,1

encoder,0,1, 345.0
GpsData: (-6.976015, 107.630355, 687.6, 0.0, 0.0, 3, 12)
2013:06:09:16:46:34 32 $master,240,240,1,1

encoder,0,1, 346.0
GpsData: (-6.976015, 107.630355, 687.6, 0.0, 0.0, 3, 12)
2013:06:09:16:46:34 31 $master,240,240,1,1

encoder,0,1, 344.0
GpsData: (-6.976015, 107.630355, 687.6, 0.0, 0.0, 3, 12)
2013:06:09:16:46:34 30 $master,240,240,1,1

encoder,0,1, 343.0
GpsData: (-6.976015, 107.630355, 687.6, 0.0, 0.0, 3, 12)
2013:06:09:16:46:34 29 $master,240,240,1,1

encoder,0,1, 342.0
GpsData: (-6.976015, 107.630355, 687.6, 0.0, 0.0, 3, 12)
2013:06:09:16:46:34 28 $master,240,240,1,1

encoder,0,1, 343.0
GpsData: (-6.976015, 107.630355, 687.6, 0.0, 0.0, 3, 12)
2013:06:09:16:46:35 27 $master,240,240,1,1

encoder,0,1, 342.0
GpsData: (-6.976015, 107.630355, 687.6, 0.0, 0.0, 3, 12)
2013:06:09:16:46:35 26 $master,240,240,1,1

encoder,0,1, 343.0
GpsData: (-6.976015, 107.630355, 687.6, 0.0, 0.0, 3, 12)
2013:06:09:16:46:35 25 $master,240,240,1,1

encoder,0,1, 342.0
GpsData: (-6.976015, 107.630355, 687.6, 0.0, 0.0, 3, 12)
2013:06:09:16:46:35 24 $master,240,240,1,1

encoder,0,1, 341.0
GpsData: (-6.976015, 107.630355, 687.6, 0.0, 0.0, 3, 12)
2013:06:09:16:46:35 23 $master,240,240,1,1

encoder,0,1, 341.0
GpsData: (-6.976015, 107.630355, 687.6, 0.0, 0.0, 3, 12)
2013:06:09:16:46:36 22 $master,240,240,1,1

encoder,0,1, 340.0
GpsData: (-6.976015, 107.630355, 687.6, 0.0, 0.0, 3, 12)
2013:06:09:16:46:36 21 $master,240,240,1,1

encoder,0,1, 340.0
GpsData: (-6.976015, 107.630355, 687.6, 0.0, 0.0, 3, 12)
2013:06:09:16:46:36 20 $master,240,240,1,1

encoder,0,1, 338.0
GpsData: (-6.976015, 107.630355, 687.6, 0.0, 0.0, 3, 12)
2013:06:09:16:46:36 19 $master,240,240,1,1

encoder,0,1, 338.0
GpsData: (-6.976015, 107.630355, 687.6, 0.0, 0.0, 3, 12)
2013:06:09:16:46:36 18 $master,240,240,1,1

encoder,0,1, 335.0
GpsData: (-6.976015, 107.630355, 687.6, 0.0, 0.0, 3, 12)
2013:06:09:16:46:37 17 $master,240,240,1,1

encoder,0,1, 335.0
GpsData: (-6.976015, 107.630355, 687.6, 0.0, 0.0, 3, 12)
2013:06:09:16:46:37 16 $master,240,240,1,1

encoder,0,1, 335.0
GpsData: (-6.976015, 107.630355, 687.6, 0.0, 0.0, 3, 12)
2013:06:09:16:46:37 15 $master,240,240,1,1

encoder,0,1, 337.0
GpsData: (-6.976015, 107.630355, 687.6, 0.0, 0.0, 3, 12)
2013:06:09:16:46:37 14 $master,240,240,1,1

encoder,0,1, 336.0
GpsData: (-6.976015, 107.630355, 687.6, 0.0, 0.0, 3, 12)
2013:06:09:16:46:37 13 $master,240,240,1,1

encoder,0,1, 336.0
GpsData: (-6.976015, 107.630355, 687.6, 0.0, 0.0, 3, 12)
2013:06:09:16:46:38 12 $master,240,240,1,1

encoder,0,1, 334.0
GpsData: (-6.976015, 107.630355, 687.6, 0.0, 0.0, 3, 12)
2013:06:09:16:46:38 11 $master,240,240,1,1

encoder,0,1, 333.0
GpsData: (-6.976015, 107.630355, 687.6, 0.0, 0.0, 3, 12)
2013:06:09:16:46:38 10 $master,240,240,1,1

encoder,0,1, 333.0
GpsData: (-6.976015, 107.630355, 687.6, 0.0, 0.0, 3, 12)
2013:06:09:16:46:38 9 $master,240,240,1,1

encoder,0,1, 333.0
GpsData: (-6.976015, 107.630355, 687.6, 0.0, 0.0, 3, 12)
2013:06:09:16:46:38 8 $master,240,240,1,1

encoder,0,1, 332.0
GpsData: (-6.976015, 107.630355, 687.6, 0.0, 0.0, 3, 12)
2013:06:09:16:46:39 7 $master,240,240,1,1

encoder,0,1, 331.0
GpsData: (-6.976015, 107.630355, 687.6, 0.0, 0.0, 3, 12)
2013:06:09:16:46:39 6 $master,240,240,1,1

encoder,0,1, 329.0
GpsData: (-6.976015, 107.630355, 687.6, 0.0, 0.0, 3, 12)
2013:06:09:16:46:39 5 $master,240,240,1,1

encoder,0,1, 329.0
GpsData: (-6.976015, 107.630355, 687.6, 0.0, 0.0, 3, 12)
2013:06:09:16:46:39 4 $master,240,240,1,1

encoder,0,1, 328.0
GpsData: (-6.976015, 107.630355, 687.6, 0.0, 0.0, 3, 12)
2013:06:09:16:46:39 3 $master,240,240,1,1

encoder,0,1, 328.0
GpsData: (-6.976015, 107.630355, 687.6, 0.0, 0.0, 3, 12)
2013:06:09:16:46:40 2 $master,240,240,1,1

encoder,0,1, 328.0
GpsData: (-6.976015, 107.630355, 687.6, 0.0, 0.0, 3, 12)
2013:06:09:16:46:40 1 $master,240,240,1,1

