encoder,0,0, 26.0
GpsData: (-6.976015, 107.630355, 687.6, 0.0, 0.0, 3, 0)
2013:06:09:16:54:28 100 $master,250,250,1,1

encoder,0,0, 41.0
GpsData: (-6.976015, 107.630355, 687.6, 0.0, 0.0, 3, 0)
2013:06:09:16:54:28 99 $master,250,250,1,1

encoder,0,0, 40.0
GpsData: (-6.976015, 107.630355, 687.6, 0.0, 0.0, 3, 12)
2013:06:09:16:54:28 98 $master,250,250,1,1

encoder,0,0, 37.0
GpsData: (-6.976015, 107.630355, 687.6, 0.0, 0.0, 3, 12)
2013:06:09:16:54:29 97 $master,250,250,1,1

encoder,0,0, 38.0
GpsData: (-6.976015, 107.630355, 687.6, 0.0, 0.0, 3, 12)
2013:06:09:16:54:29 96 $master,250,250,1,1

encoder,0,0, 36.0
GpsData: (-6.976015, 107.630355, 687.6, 0.0, 0.0, 3, 12)
2013:06:09:16:54:29 95 $master,250,250,1,1

encoder,0,0, 38.0
GpsData: (-6.976015, 107.630355, 687.6, 0.0, 0.0, 3, 12)
2013:06:09:16:54:29 94 $master,250,250,1,1

encoder,0,0, 39.0
GpsData: (-6.976015, 107.630355, 687.6, 0.0, 0.0, 3, 12)
2013:06:09:16:54:29 93 $master,250,250,1,1

encoder,0,0, 40.0
GpsData: (-6.976015, 107.630355, 687.6, 0.0, 0.0, 3, 12)
2013:06:09:16:54:30 92 $master,250,250,1,1

encoder,0,0, 39.0
GpsData: (-6.976015, 107.630355, 687.6, 0.0, 0.0, 3, 12)
2013:06:09:16:54:30 91 $master,250,250,1,1

encoder,0,0, 38.0
GpsData: (-6.976015, 107.630355, 687.6, 0.0, 0.0, 3, 12)
2013:06:09:16:54:30 90 $master,250,250,1,1

encoder,0,0, 37.0
GpsData: (-6.976015, 107.630355, 687.6, 0.0, 0.0, 3, 12)
2013:06:09:16:54:30 89 $master,250,250,1,1

encoder,0,0, 38.0
GpsData: (-6.976015, 107.630355, 687.6, 0.0, 0.0, 3, 12)
2013:06:09:16:54:30 88 $master,250,250,1,1

encoder,0,0, 41.0
GpsData: (-6.976015, 107.630355, 687.6, 0.0, 0.0, 3, 12)
2013:06:09:16:54:31 87 $master,250,250,1,1

encoder,0,0, 39.0
GpsData: (-6.976015, 107.630355, 687.6, 0.0, 0.0, 3, 12)
2013:06:09:16:54:31 86 $master,250,250,1,1

encoder,0,0, 37.0
GpsData: (-6.976015, 107.630355, 687.6, 0.0, 0.0, 3, 12)
2013:06:09:16:54:31 85 $master,250,250,1,1

encoder,0,0, 36.0
GpsData: (-6.976015, 107.630355, 687.6, 0.0, 0.0, 3, 12)
2013:06:09:16:54:31 84 $master,250,250,1,1

encoder,0,0, 37.0
GpsData: (-6.976015, 107.630355, 687.6, 0.0, 0.0, 3, 12)
2013:06:09:16:54:31 83 $master,250,250,1,1

encoder,0,0, 38.0
GpsData: (-6.976015, 107.630355, 687.6, 0.0, 0.0, 3, 12)
2013:06:09:16:54:32 82 $master,250,250,1,1

encoder,0,0, 38.0
GpsData: (-6.976015, 107.630355, 687.6, 0.0, 0.0, 3, 12)
2013:06:09:16:54:32 81 $master,250,250,1,1

encoder,0,0, 39.0
GpsData: (-6.976015, 107.630355, 687.6, 0.0, 0.0, 3, 12)
2013:06:09:16:54:32 80 $master,250,250,1,1

encoder,0,0, 37.0
GpsData: (-6.976015, 107.630355, 687.6, 0.0, 0.0, 3, 12)
2013:06:09:16:54:32 79 $master,250,250,1,1

encoder,0,0, 36.0
GpsData: (-6.976015, 107.630355, 687.6, 0.0, 0.0, 3, 12)
2013:06:09:16:54:32 78 $master,250,250,1,1

encoder,0,0, 35.0
GpsData: (-6.976015, 107.630355, 687.6, 0.0, 0.0, 3, 12)
2013:06:09:16:54:33 77 $master,250,250,1,1

encoder,0,0, 34.0
GpsData: (-6.976015, 107.630355, 687.6, 0.0, 0.0, 3, 12)
2013:06:09:16:54:33 76 $master,250,250,1,1

encoder,0,0, 37.0
GpsData: (-6.976015, 107.630355, 687.6, 0.0, 0.0, 3, 12)
2013:06:09:16:54:33 75 $master,250,250,1,1

encoder,0,0, 36.0
GpsData: (-6.976015, 107.630355, 687.6, 0.0, 0.0, 3, 12)
2013:06:09:16:54:33 74 $master,250,250,1,1

encoder,0,0, 34.0
GpsData: (-6.976015, 107.630355, 687.6, 0.0, 0.0, 3, 12)
2013:06:09:16:54:34 73 $master,250,250,1,1

encoder,0,0, 34.0
GpsData: (-6.976015, 107.630355, 687.6, 0.0, 0.0, 3, 12)
2013:06:09:16:54:34 72 $master,250,250,1,1

encoder,0,0, 34.0
GpsData: (-6.976015, 107.630355, 687.6, 0.0, 0.0, 3, 12)
2013:06:09:16:54:34 71 $master,250,250,1,1

encoder,0,0, 35.0
GpsData: (-6.976015, 107.630355, 687.6, 0.0, 0.0, 3, 12)
2013:06:09:16:54:34 70 $master,250,250,1,1

encoder,0,0, 36.0
GpsData: (-6.976015, 107.630355, 687.6, 0.0, 0.0, 3, 12)
2013:06:09:16:54:34 69 $master,250,250,1,1

encoder,0,0, 37.0
GpsData: (-6.976015, 107.630355, 687.6, 0.0, 0.0, 3, 12)
2013:06:09:16:54:34 68 $master,250,250,1,1

encoder,0,0, 35.0
GpsData: (-6.976015, 107.630355, 687.6, 0.0, 0.0, 3, 12)
2013:06:09:16:54:35 67 $master,250,250,1,1

encoder,0,0, 34.0
GpsData: (-6.976015, 107.630355, 687.6, 0.0, 0.0, 3, 12)
2013:06:09:16:54:35 66 $master,250,250,1,1

encoder,0,0, 32.0
GpsData: (-6.976015, 107.630355, 687.6, 0.0, 0.0, 3, 12)
2013:06:09:16:54:35 65 $master,250,250,1,1

encoder,0,0, 33.0
GpsData: (-6.976015, 107.630355, 687.6, 0.0, 0.0, 3, 12)
2013:06:09:16:54:35 64 $master,250,250,1,1

encoder,0,0, 35.0
GpsData: (-6.976015, 107.630355, 687.6, 0.0, 0.0, 3, 12)
2013:06:09:16:54:36 63 $master,250,250,1,1

encoder,0,0, 35.0
GpsData: (-6.976015, 107.630355, 687.6, 0.0, 0.0, 3, 12)
2013:06:09:16:54:36 62 $master,250,250,1,1

encoder,0,0, 35.0
GpsData: (-6.976015, 107.630355, 687.6, 0.0, 0.0, 3, 12)
2013:06:09:16:54:36 61 $master,250,250,1,1

encoder,0,0, 31.0
GpsData: (-6.976015, 107.630355, 687.6, 0.0, 0.0, 3, 12)
2013:06:09:16:54:36 60 $master,250,250,1,1

encoder,0,0, 30.0
GpsData: (-6.976015, 107.630355, 687.6, 0.0, 0.0, 3, 12)
2013:06:09:16:54:36 59 $master,250,250,1,1

encoder,0,0, 32.0
GpsData: (-6.976015, 107.630355, 687.6, 0.0, 0.0, 3, 12)
2013:06:09:16:54:37 58 $master,250,250,1,1

encoder,0,0, 34.0
GpsData: (-6.976015, 107.630355, 687.6, 0.0, 0.0, 3, 12)
2013:06:09:16:54:37 57 $master,250,250,1,1

encoder,0,0, 34.0
GpsData: (-6.976015, 107.630355, 687.6, 0.0, 0.0, 3, 12)
2013:06:09:16:54:37 56 $master,250,250,1,1

encoder,0,0, 33.0
GpsData: (-6.976015, 107.630355, 687.6, 0.0, 0.0, 3, 12)
2013:06:09:16:54:37 55 $master,250,250,1,1

encoder,0,0, 31.0
GpsData: (-6.976015, 107.630355, 687.6, 0.0, 0.0, 3, 12)
2013:06:09:16:54:37 54 $master,250,250,1,1

encoder,0,0, 30.0
GpsData: (-6.976015, 107.630355, 687.6, 0.0, 0.0, 3, 12)
2013:06:09:16:54:38 53 $master,250,250,1,1

encoder,0,0, 30.0
GpsData: (-6.976015, 107.630355, 687.6, 0.0, 0.0, 3, 12)
2013:06:09:16:54:38 52 $master,250,250,1,1

encoder,0,0, 33.0
GpsData: (-6.976015, 107.630355, 687.6, 0.0, 0.0, 3, 12)
2013:06:09:16:54:38 51 $master,250,250,1,1

encoder,0,0, 33.0
GpsData: (-6.976015, 107.630355, 687.6, 0.0, 0.0, 3, 12)
2013:06:09:16:54:38 50 $master,250,250,1,1

encoder,0,0, 32.0
GpsData: (-6.976015, 107.630355, 687.6, 0.0, 0.0, 3, 12)
2013:06:09:16:54:38 49 $master,250,250,1,1

encoder,0,0, 30.0
GpsData: (-6.976015, 107.630355, 687.6, 0.0, 0.0, 3, 12)
2013:06:09:16:54:39 48 $master,250,250,1,1

encoder,0,0, 30.0
GpsData: (-6.976015, 107.630355, 687.6, 0.0, 0.0, 3, 12)
2013:06:09:16:54:39 47 $master,250,250,1,1

encoder,0,0, 29.0
GpsData: (-6.976015, 107.630355, 687.6, 0.0, 0.0, 3, 12)
2013:06:09:16:54:39 46 $master,250,250,1,1

encoder,0,0, 33.0
GpsData: (-6.976015, 107.630355, 687.6, 0.0, 0.0, 3, 12)
2013:06:09:16:54:39 45 $master,250,250,1,1

encoder,0,0, 34.0
GpsData: (-6.976015, 107.630355, 687.6, 0.0, 0.0, 3, 12)
2013:06:09:16:54:39 44 $master,250,250,1,1

encoder,0,0, 31.0
GpsData: (-6.976015, 107.630355, 687.6, 0.0, 0.0, 3, 12)
2013:06:09:16:54:40 43 $master,250,250,1,1

encoder,0,0, 31.0
GpsData: (-6.976015, 107.630355, 687.6, 0.0, 0.0, 3, 12)
2013:06:09:16:54:40 42 $master,250,250,1,1

encoder,0,0, 30.0
GpsData: (-6.976015, 107.630355, 687.6, 0.0, 0.0, 3, 12)
2013:06:09:16:54:40 41 $master,250,250,1,1

encoder,0,0, 29.0
GpsData: (-6.976015, 107.630355, 687.6, 0.0, 0.0, 3, 12)
2013:06:09:16:54:40 40 $master,250,250,1,1

encoder,0,0, 30.0
GpsData: (-6.976015, 107.630355, 687.6, 0.0, 0.0, 3, 12)
2013:06:09:16:54:40 39 $master,250,250,1,1

encoder,0,0, 30.0
GpsData: (-6.976015, 107.630355, 687.6, 0.0, 0.0, 3, 12)
2013:06:09:16:54:41 38 $master,250,250,1,1

encoder,0,0, 29.0
GpsData: (-6.976015, 107.630355, 687.6, 0.0, 0.0, 3, 12)
2013:06:09:16:54:41 37 $master,250,250,1,1

encoder,0,0, 30.0
GpsData: (-6.976015, 107.630355, 687.6, 0.0, 0.0, 3, 12)
2013:06:09:16:54:41 36 $master,250,250,1,1

encoder,0,0, 30.0
GpsData: (-6.976015, 107.630355, 687.6, 0.0, 0.0, 3, 12)
2013:06:09:16:54:41 35 $master,250,250,1,1

encoder,0,0, 32.0
GpsData: (-6.976015, 107.630355, 687.6, 0.0, 0.0, 3, 12)
2013:06:09:16:54:41 34 $master,250,250,1,1

encoder,0,0, 33.0
GpsData: (-6.976015, 107.630355, 687.6, 0.0, 0.0, 3, 12)
2013:06:09:16:54:42 33 $master,250,250,1,1

encoder,0,0, 32.0
GpsData: (-6.976015, 107.630355, 687.6, 0.0, 0.0, 3, 12)
2013:06:09:16:54:42 32 $master,250,250,1,1

encoder,0,0, 33.0
GpsData: (-6.976015, 107.630355, 687.6, 0.0, 0.0, 3, 12)
2013:06:09:16:54:42 31 $master,250,250,1,1

encoder,0,0, 31.0
GpsData: (-6.976015, 107.630355, 687.6, 0.0, 0.0, 3, 12)
2013:06:09:16:54:42 30 $master,250,250,1,1

encoder,0,0, 30.0
GpsData: (-6.976015, 107.630355, 687.6, 0.0, 0.0, 3, 12)
2013:06:09:16:54:42 29 $master,250,250,1,1

encoder,0,0, 28.0
GpsData: (-6.976015, 107.630355, 687.6, 0.0, 0.0, 3, 12)
2013:06:09:16:54:43 28 $master,250,250,1,1

encoder,0,0, 28.0
GpsData: (-6.976015, 107.630355, 687.6, 0.0, 0.0, 3, 12)
2013:06:09:16:54:43 27 $master,250,250,1,1

encoder,0,0, 31.0
GpsData: (-6.976015, 107.630355, 687.6, 0.0, 0.0, 3, 12)
2013:06:09:16:54:43 26 $master,250,250,1,1

encoder,0,0, 29.0
GpsData: (-6.976015, 107.630355, 687.6, 0.0, 0.0, 3, 12)
2013:06:09:16:54:43 25 $master,250,250,1,1

encoder,0,0, 28.0
GpsData: (-6.976015, 107.630355, 687.6, 0.0, 0.0, 3, 12)
2013:06:09:16:54:43 24 $master,250,250,1,1

encoder,0,0, 27.0
GpsData: (-6.976015, 107.630355, 687.6, 0.0, 0.0, 3, 12)
2013:06:09:16:54:44 23 $master,250,250,1,1

encoder,0,0, 28.0
GpsData: (-6.976015, 107.630355, 687.6, 0.0, 0.0, 3, 12)
2013:06:09:16:54:44 22 $master,250,250,1,1

encoder,0,0, 29.0
GpsData: (-6.976015, 107.630355, 687.6, 0.0, 0.0, 3, 12)
2013:06:09:16:54:44 21 $master,250,250,1,1

encoder,0,0, 30.0
GpsData: (-6.976015, 107.630355, 687.6, 0.0, 0.0, 3, 12)
2013:06:09:16:54:44 20 $master,250,250,1,1

encoder,0,0, 29.0
GpsData: (-6.976015, 107.630355, 687.6, 0.0, 0.0, 3, 12)
2013:06:09:16:54:44 19 $master,250,250,1,1

encoder,0,0, 26.0
GpsData: (-6.976015, 107.630355, 687.6, 0.0, 0.0, 3, 12)
2013:06:09:16:54:45 18 $master,250,250,1,1

encoder,0,0, 27.0
GpsData: (-6.976015, 107.630355, 687.6, 0.0, 0.0, 3, 12)
2013:06:09:16:54:45 17 $master,250,250,1,1

encoder,0,0, 27.0
GpsData: (-6.976015, 107.630355, 687.6, 0.0, 0.0, 3, 12)
2013:06:09:16:54:45 16 $master,250,250,1,1

encoder,0,0, 27.0
GpsData: (-6.976015, 107.630355, 687.6, 0.0, 0.0, 3, 12)
2013:06:09:16:54:45 15 $master,250,250,1,1

encoder,0,0, 29.0
GpsData: (-6.976015, 107.630355, 687.6, 0.0, 0.0, 3, 12)
2013:06:09:16:54:45 14 $master,250,250,1,1

encoder,0,0, 29.0
GpsData: (-6.976015, 107.630355, 687.6, 0.0, 0.0, 3, 12)
2013:06:09:16:54:46 13 $master,250,250,1,1

encoder,0,0, 28.0
GpsData: (-6.976015, 107.630355, 687.6, 0.0, 0.0, 3, 12)
2013:06:09:16:54:46 12 $master,250,250,1,1

encoder,0,0, 26.0
GpsData: (-6.976015, 107.630355, 687.6, 0.0, 0.0, 3, 12)
2013:06:09:16:54:46 11 $master,250,250,1,1

encoder,0,0, 24.0
GpsData: (-6.976015, 107.630355, 687.6, 0.0, 0.0, 3, 12)
2013:06:09:16:54:46 10 $master,250,250,1,1

encoder,0,0, 27.0
GpsData: (-6.976015, 107.630355, 687.6, 0.0, 0.0, 3, 12)
2013:06:09:16:54:46 9 $master,250,250,1,1

encoder,0,0, 28.0
GpsData: (-6.976015, 107.630355, 687.6, 0.0, 0.0, 3, 12)
2013:06:09:16:54:47 8 $master,250,250,1,1

encoder,0,0, 26.0
GpsData: (-6.976015, 107.630355, 687.6, 0.0, 0.0, 3, 12)
2013:06:09:16:54:47 7 $master,250,250,1,1

encoder,0,0, 24.0
GpsData: (-6.976015, 107.630355, 687.6, 0.0, 0.0, 3, 12)
2013:06:09:16:54:47 6 $master,250,250,1,1

encoder,0,0, 25.0
GpsData: (-6.976015, 107.630355, 687.6, 0.0, 0.0, 3, 12)
2013:06:09:16:54:47 5 $master,250,250,1,1

encoder,0,0, 24.0
GpsData: (-6.976015, 107.630355, 687.6, 0.0, 0.0, 3, 12)
2013:06:09:16:54:47 4 $master,250,250,1,1

encoder,0,0, 25.0
GpsData: (-6.976015, 107.630355, 687.6, 0.0, 0.0, 3, 12)
2013:06:09:16:54:48 3 $master,250,250,1,1

encoder,0,0, 27.0
GpsData: (-6.976015, 107.630355, 687.6, 0.0, 0.0, 3, 12)
2013:06:09:16:54:48 2 $master,250,250,1,1

encoder,0,0, 26.0
GpsData: (-6.976015, 107.630355, 687.6, 0.0, 0.0, 3, 12)
2013:06:09:16:54:48 1 $master,250,250,1,1

