encoder,3,0, 3.0
GpsData: (0.0, 0.0, nan, nan, nan, 1, 0)
2013:06:09:16:57:00 100 $master,250,250,1,1

encoder,3,0, 1.0
GpsData: (0.0, 0.0, nan, nan, nan, 1, 0)
2013:06:09:16:57:00 99 $master,250,250,1,1

encoder,3,0, 2.0
GpsData: (0.0, 0.0, nan, nan, nan, 1, 0)
2013:06:09:16:57:00 98 $master,250,250,1,1

encoder,3,0, 2.0
GpsData: (-6.976015, 107.630355, 687.6, 0.0, 0.0, 3, 0)
2013:06:09:16:57:00 97 $master,250,250,1,1

encoder,3,0, 1.0
GpsData: (-6.976015, 107.630355, 687.6, 0.0, 0.0, 3, 0)
2013:06:09:16:57:00 96 $master,250,250,1,1

encoder,3,0, 3.0
GpsData: (-6.976015, 107.630355, 687.6, 0.0, 0.0, 3, 0)
2013:06:09:16:57:01 95 $master,250,250,1,1

encoder,3,0, 3.0
GpsData: (-6.976015, 107.630355, 687.6, 0.0, 0.0, 3, 0)
2013:06:09:16:57:01 94 $master,250,250,1,1

encoder,3,0, 3.0
GpsData: (-6.976015, 107.630355, 687.6, 0.0, 0.0, 3, 0)
2013:06:09:16:57:01 93 $master,250,250,1,1

encoder,3,0, 3.0
GpsData: (-6.976015, 107.630355, 687.6, 0.0, 0.0, 3, 0)
2013:06:09:16:57:01 92 $master,250,250,1,1

encoder,3,0, 3.0
GpsData: (-6.976015, 107.630355, 687.6, 0.0, 0.0, 3, 0)
2013:06:09:16:57:01 91 $master,250,250,1,1

encoder,3,0, 3.0
GpsData: (-6.976015, 107.630355, 687.6, 0.0, 0.0, 3, 0)
2013:06:09:16:57:02 90 $master,250,250,1,1

encoder,3,0, 3.0
GpsData: (-6.976015, 107.630355, 687.6, 0.0, 0.0, 3, 0)
2013:06:09:16:57:02 89 $master,250,250,1,1

encoder,3,0, 3.0
GpsData: (-6.976015, 107.630355, 687.6, 0.0, 0.0, 3, 0)
2013:06:09:16:57:02 88 $master,250,250,1,1

encoder,3,0, 3.0
GpsData: (-6.976015, 107.630355, 687.6, 0.0, 0.0, 3, 0)
2013:06:09:16:57:02 87 $master,250,250,1,1

encoder,3,0, 4.0
GpsData: (-6.976015, 107.630355, 687.6, 0.0, 0.0, 3, 0)
2013:06:09:16:57:02 86 $master,250,250,1,1

encoder,3,0, 2.0
GpsData: (-6.976015, 107.630355, 687.6, 0.0, 0.0, 3, 0)
2013:06:09:16:57:03 85 $master,250,250,1,1

encoder,3,0, 1.0
GpsData: (-6.976015, 107.630355, 687.6, 0.0, 0.0, 3, 0)
2013:06:09:16:57:03 84 $master,250,250,1,1

encoder,3,0, 1.0
GpsData: (-6.976015, 107.630355, 687.6, 0.0, 0.0, 3, 0)
2013:06:09:16:57:03 83 $master,250,250,1,1

encoder,3,0, 2.0
GpsData: (-6.976015, 107.630355, 687.6, 0.0, 0.0, 3, 0)
2013:06:09:16:57:03 82 $master,250,250,1,1

encoder,3,0, 1.0
GpsData: (-6.976015, 107.630355, 687.6, 0.0, 0.0, 3, 12)
2013:06:09:16:57:03 81 $master,250,250,1,1

encoder,3,0, 2.0
GpsData: (-6.976015, 107.630355, 687.6, 0.0, 0.0, 3, 12)
2013:06:09:16:57:04 80 $master,250,250,1,1

encoder,3,0, 1.0
GpsData: (-6.976015, 107.630355, 687.6, 0.0, 0.0, 3, 12)
2013:06:09:16:57:04 79 $master,250,250,1,1

encoder,3,0, 2.0
GpsData: (-6.976015, 107.630355, 687.6, 0.0, 0.0, 3, 12)
2013:06:09:16:57:04 78 $master,250,250,1,1

encoder,3,0, 2.0
GpsData: (-6.976015, 107.630355, 687.6, 0.0, 0.0, 3, 12)
2013:06:09:16:57:04 77 $master,250,250,1,1

encoder,3,0, 1.0
GpsData: (-6.976015, 107.630355, 687.6, 0.0, 0.0, 3, 12)
2013:06:09:16:57:04 76 $master,250,250,1,1

encoder,3,0, 2.0
GpsData: (-6.976015, 107.630355, 687.6, 0.0, 0.0, 3, 12)
2013:06:09:16:57:05 75 $master,250,250,1,1

encoder,3,0, 2.0
GpsData: (-6.976015, 107.630355, 687.6, 0.0, 0.0, 3, 12)
2013:06:09:16:57:05 74 $master,250,250,1,1

encoder,3,0, 2.0
GpsData: (-6.976015, 107.630355, 687.6, 0.0, 0.0, 3, 12)
2013:06:09:16:57:05 73 $master,250,250,1,1

encoder,3,0, 2.0
GpsData: (-6.976015, 107.630355, 687.6, 0.0, 0.0, 3, 12)
2013:06:09:16:57:05 72 $master,250,250,1,1

encoder,3,0, 1.0
GpsData: (-6.976015, 107.630355, 687.6, 0.0, 0.0, 3, 12)
2013:06:09:16:57:05 71 $master,250,250,1,1

encoder,3,0, 2.0
GpsData: (-6.976015, 107.630355, 687.6, 0.0, 0.0, 3, 12)
2013:06:09:16:57:06 70 $master,250,250,1,1

encoder,3,0, 2.0
GpsData: (-6.976015, 107.630355, 687.6, 0.0, 0.0, 3, 12)
2013:06:09:16:57:06 69 $master,250,250,1,1

encoder,3,0, 1.0
GpsData: (-6.976015, 107.630355, 687.6, 0.0, 0.0, 3, 12)
2013:06:09:16:57:06 68 $master,250,250,1,1

encoder,3,0, 2.0
GpsData: (-6.976015, 107.630355, 687.6, 0.0, 0.0, 3, 12)
2013:06:09:16:57:06 67 $master,250,250,1,1

encoder,3,0, 2.0
GpsData: (-6.976015, 107.630355, 687.6, 0.0, 0.0, 3, 12)
2013:06:09:16:57:06 66 $master,250,250,1,1

encoder,3,0, 1.0
GpsData: (-6.976015, 107.630355, 687.6, 0.0, 0.0, 3, 12)
2013:06:09:16:57:07 65 $master,250,250,1,1

encoder,3,0, 2.0
GpsData: (-6.976015, 107.630355, 687.6, 0.0, 0.0, 3, 12)
2013:06:09:16:57:07 64 $master,250,250,1,1

encoder,3,0, 2.0
GpsData: (-6.976015, 107.630355, 687.6, 0.0, 0.0, 3, 12)
2013:06:09:16:57:07 63 $master,250,250,1,1

encoder,3,0, 2.0
GpsData: (-6.976015, 107.630355, 687.6, 0.0, 0.0, 3, 12)
2013:06:09:16:57:07 62 $master,250,250,1,1

encoder,3,0, 2.0
GpsData: (-6.976015, 107.630355, 687.6, 0.0, 0.0, 3, 12)
2013:06:09:16:57:07 61 $master,250,250,1,1

encoder,3,0, 1.0
GpsData: (-6.976015, 107.630355, 687.6, 0.0, 0.0, 3, 12)
2013:06:09:16:57:08 60 $master,250,250,1,1

encoder,3,0, 2.0
GpsData: (-6.976015, 107.630355, 687.6, 0.0, 0.0, 3, 12)
2013:06:09:16:57:08 59 $master,250,250,1,1

encoder,3,0, 2.0
GpsData: (-6.976015, 107.630355, 687.6, 0.0, 0.0, 3, 12)
2013:06:09:16:57:08 58 $master,250,250,1,1

encoder,3,0, 2.0
GpsData: (-6.976015, 107.630355, 687.6, 0.0, 0.0, 3, 12)
2013:06:09:16:57:08 57 $master,250,250,1,1

encoder,3,0, 2.0
GpsData: (-6.976015, 107.630355, 687.6, 0.0, 0.0, 3, 12)
2013:06:09:16:57:08 56 $master,250,250,1,1

encoder,3,0, 1.0
GpsData: (-6.976015, 107.630355, 687.6, 0.0, 0.0, 3, 12)
2013:06:09:16:57:09 55 $master,250,250,1,1

encoder,3,0, 1.0
GpsData: (-6.976015, 107.630355, 687.6, 0.0, 0.0, 3, 12)
2013:06:09:16:57:09 54 $master,250,250,1,1

encoder,3,0, 1.0
GpsData: (-6.976015, 107.630355, 687.6, 0.0, 0.0, 3, 12)
2013:06:09:16:57:09 53 $master,250,250,1,1

encoder,3,0, 2.0
GpsData: (-6.976015, 107.630355, 687.6, 0.0, 0.0, 3, 12)
2013:06:09:16:57:09 52 $master,250,250,1,1

encoder,3,0, 2.0
GpsData: (-6.976015, 107.630355, 687.6, 0.0, 0.0, 3, 12)
2013:06:09:16:57:09 51 $master,250,250,1,1

encoder,3,0, 0.0
GpsData: (-6.976015, 107.630355, 687.6, 0.0, 0.0, 3, 12)
2013:06:09:16:57:10 50 $master,250,250,1,1

encoder,3,0, -2.0
GpsData: (-6.976015, 107.630355, 687.6, 0.0, 0.0, 3, 12)
2013:06:09:16:57:10 49 $master,250,250,1,1

encoder,3,0, -3.0
GpsData: (-6.976015, 107.630355, 687.6, 0.0, 0.0, 3, 12)
2013:06:09:16:57:10 48 $master,250,250,1,1

encoder,3,0, -2.0
GpsData: (-6.976015, 107.630355, 687.6, 0.0, 0.0, 3, 12)
2013:06:09:16:57:10 47 $master,250,250,1,1

encoder,3,0, -3.0
GpsData: (-6.976015, 107.630355, 687.6, 0.0, 0.0, 3, 12)
2013:06:09:16:57:10 46 $master,250,250,1,1

encoder,3,0, -3.0
GpsData: (-6.976015, 107.630355, 687.6, 0.0, 0.0, 3, 12)
2013:06:09:16:57:11 45 $master,250,250,1,1

encoder,3,0, -2.0
GpsData: (-6.976015, 107.630355, 687.6, 0.0, 0.0, 3, 12)
2013:06:09:16:57:11 44 $master,250,250,1,1

encoder,3,0, -2.0
GpsData: (-6.976015, 107.630355, 687.6, 0.0, 0.0, 3, 12)
2013:06:09:16:57:11 43 $master,250,250,1,1

encoder,3,0, -3.0
GpsData: (-6.976015, 107.630355, 687.6, 0.0, 0.0, 3, 12)
2013:06:09:16:57:11 42 $master,250,250,1,1

encoder,3,0, -9.0
GpsData: (-6.976015, 107.630355, 687.6, 0.0, 0.0, 3, 12)
2013:06:09:16:57:11 41 $master,250,250,1,1

encoder,3,0, -8.0
GpsData: (-6.976015, 107.630355, 687.6, 0.0, 0.0, 3, 12)
2013:06:09:16:57:12 40 $master,250,250,1,1

encoder,3,0, -3.0
GpsData: (-6.976015, 107.630355, 687.6, 0.0, 0.0, 3, 12)
2013:06:09:16:57:12 39 $master,250,250,1,1

encoder,3,0, -3.0
GpsData: (-6.976015, 107.630355, 687.6, 0.0, 0.0, 3, 12)
2013:06:09:16:57:12 38 $master,250,250,1,1

encoder,3,0, -3.0
GpsData: (-6.976015, 107.630355, 687.6, 0.0, 0.0, 3, 12)
2013:06:09:16:57:12 37 $master,250,250,1,1

encoder,3,0, -4.0
GpsData: (-6.976015, 107.630355, 687.6, 0.0, 0.0, 3, 12)
2013:06:09:16:57:12 36 $master,250,250,1,1

encoder,3,0, -4.0
GpsData: (-6.976015, 107.630355, 687.6, 0.0, 0.0, 3, 12)
2013:06:09:16:57:13 35 $master,250,250,1,1

encoder,3,0, -3.0
GpsData: (-6.976015, 107.630355, 687.6, 0.0, 0.0, 3, 12)
2013:06:09:16:57:13 34 $master,250,250,1,1

encoder,3,0, -3.0
GpsData: (-6.976015, 107.630355, 687.6, 0.0, 0.0, 3, 12)
2013:06:09:16:57:13 33 $master,250,250,1,1

encoder,3,0, -3.0
GpsData: (-6.976015, 107.630355, 687.6, 0.0, 0.0, 3, 12)
2013:06:09:16:57:13 32 $master,250,250,1,1

encoder,3,0, -3.0
GpsData: (-6.976015, 107.630355, 687.6, 0.0, 0.0, 3, 12)
2013:06:09:16:57:13 31 $master,250,250,1,1

encoder,3,0, -3.0
GpsData: (-6.976015, 107.630355, 687.6, 0.0, 0.0, 3, 12)
2013:06:09:16:57:14 30 $master,250,250,1,1

encoder,3,0, -2.0
GpsData: (-6.976015, 107.630355, 687.6, 0.0, 0.0, 3, 12)
2013:06:09:16:57:14 29 $master,250,250,1,1

encoder,3,0, -3.0
GpsData: (-6.976015, 107.630355, 687.6, 0.0, 0.0, 3, 12)
2013:06:09:16:57:14 28 $master,250,250,1,1

encoder,3,0, -3.0
GpsData: (-6.976015, 107.630355, 687.6, 0.0, 0.0, 3, 12)
2013:06:09:16:57:14 27 $master,250,250,1,1

encoder,3,0, -4.0
GpsData: (-6.976015, 107.630355, 687.6, 0.0, 0.0, 3, 12)
2013:06:09:16:57:14 26 $master,250,250,1,1

encoder,3,0, -3.0
GpsData: (-6.976015, 107.630355, 687.6, 0.0, 0.0, 3, 12)
2013:06:09:16:57:15 25 $master,250,250,1,1

encoder,3,0, -3.0
GpsData: (-6.976015, 107.630355, 687.6, 0.0, 0.0, 3, 12)
2013:06:09:16:57:15 24 $master,250,250,1,1

encoder,3,0, -3.0
GpsData: (-6.976015, 107.630355, 687.6, 0.0, 0.0, 3, 12)
2013:06:09:16:57:15 23 $master,250,250,1,1

encoder,3,0, -3.0
GpsData: (-6.976015, 107.630355, 687.6, 0.0, 0.0, 3, 12)
2013:06:09:16:57:15 22 $master,250,250,1,1

encoder,3,0, -3.0
GpsData: (-6.976015, 107.630355, 687.6, 0.0, 0.0, 3, 12)
2013:06:09:16:57:15 21 $master,250,250,1,1

encoder,3,0, -3.0
GpsData: (-6.976015, 107.630355, 687.6, 0.0, 0.0, 3, 12)
2013:06:09:16:57:16 20 $master,250,250,1,1

encoder,3,0, -3.0
GpsData: (-6.976015, 107.630355, 687.6, 0.0, 0.0, 3, 12)
2013:06:09:16:57:16 19 $master,250,250,1,1

encoder,3,0, -4.0
GpsData: (-6.976015, 107.630355, 687.6, 0.0, 0.0, 3, 12)
2013:06:09:16:57:16 18 $master,250,250,1,1

encoder,3,0, -4.0
GpsData: (-6.976015, 107.630355, 687.6, 0.0, 0.0, 3, 12)
2013:06:09:16:57:16 17 $master,250,250,1,1

encoder,3,0, -4.0
GpsData: (-6.976015, 107.630355, 687.6, 0.0, 0.0, 3, 12)
2013:06:09:16:57:16 16 $master,250,250,1,1

encoder,3,0, -3.0
GpsData: (-6.976015, 107.630355, 687.6, 0.0, 0.0, 3, 12)
2013:06:09:16:57:17 15 $master,250,250,1,1

encoder,3,0, -3.0
GpsData: (-6.976015, 107.630355, 687.6, 0.0, 0.0, 3, 12)
2013:06:09:16:57:17 14 $master,250,250,1,1

encoder,3,0, -4.0
GpsData: (-6.976015, 107.630355, 687.6, 0.0, 0.0, 3, 12)
2013:06:09:16:57:17 13 $master,250,250,1,1

encoder,3,0, -4.0
GpsData: (-6.976015, 107.630355, 687.6, 0.0, 0.0, 3, 12)
2013:06:09:16:57:17 12 $master,250,250,1,1

encoder,3,0, -4.0
GpsData: (-6.976015, 107.630355, 687.6, 0.0, 0.0, 3, 12)
2013:06:09:16:57:17 11 $master,250,250,1,1

encoder,3,0, -3.0
GpsData: (-6.976015, 107.630355, 687.6, 0.0, 0.0, 3, 12)
2013:06:09:16:57:18 10 $master,250,250,1,1

encoder,3,0, -3.0
GpsData: (-6.976015, 107.630355, 687.6, 0.0, 0.0, 3, 12)
2013:06:09:16:57:18 9 $master,250,250,1,1

encoder,3,0, -3.0
GpsData: (-6.976015, 107.630355, 687.6, 0.0, 0.0, 3, 12)
2013:06:09:16:57:18 8 $master,250,250,1,1

encoder,3,0, -3.0
GpsData: (-6.976015, 107.630355, 687.6, 0.0, 0.0, 3, 12)
2013:06:09:16:57:18 7 $master,250,250,1,1

encoder,3,0, -3.0
GpsData: (-6.976015, 107.630355, 687.6, 0.0, 0.0, 3, 12)
2013:06:09:16:57:18 6 $master,250,250,1,1

encoder,3,0, -3.0
GpsData: (-6.976015, 107.630355, 687.6, 0.0, 0.0, 3, 12)
2013:06:09:16:57:19 5 $master,250,250,1,1

encoder,3,0, -4.0
GpsData: (-6.976015, 107.630355, 687.6, 0.0, 0.0, 3, 12)
2013:06:09:16:57:19 4 $master,250,250,1,1

encoder,3,0, -3.0
GpsData: (-6.976015, 107.630355, 687.6, 0.0, 0.0, 3, 12)
2013:06:09:16:57:19 3 $master,250,250,1,1

encoder,3,0, -4.0
GpsData: (-6.976015, 107.630355, 687.6, 0.0, 0.0, 3, 12)
2013:06:09:16:57:19 2 $master,250,250,1,1

encoder,3,0, -3.0
GpsData: (-6.976015, 107.630355, 687.6, 0.0, 0.0, 3, 12)
2013:06:09:16:57:19 1 $master,250,250,1,1

