encoder,0,0, 7.0
GpsData: (-6.976015, 107.630355, 687.6, 0.0, 0.0, 3, 12)
2013:06:09:16:48:43 100 $master,240,240,1,1

encoder,0,0, -17.0
GpsData: (-6.976015, 107.630355, 687.6, 0.0, 0.0, 3, 12)
2013:06:09:16:48:43 99 $master,240,240,1,1

encoder,0,0, -17.0
GpsData: (-6.976015, 107.630355, 687.6, 0.0, 0.0, 3, 12)
2013:06:09:16:48:44 98 $master,240,240,1,1

encoder,0,0, -14.0
GpsData: (-6.976015, 107.630355, 687.6, 0.0, 0.0, 3, 12)
2013:06:09:16:48:44 97 $master,240,240,1,1

encoder,0,0, -13.0
GpsData: (-6.976015, 107.630355, 687.6, 0.0, 0.0, 3, 12)
2013:06:09:16:48:44 96 $master,240,240,1,1

encoder,0,0, -16.0
GpsData: (-6.976015, 107.630355, 687.6, 0.0, 0.0, 3, 12)
2013:06:09:16:48:44 95 $master,240,240,1,1

encoder,0,0, -19.0
GpsData: (-6.976015, 107.630355, 687.6, 0.0, 0.0, 3, 12)
2013:06:09:16:48:44 94 $master,240,240,1,1

encoder,0,0, -22.0
GpsData: (-6.976015, 107.630355, 687.6, 0.0, 0.0, 3, 12)
2013:06:09:16:48:45 93 $master,240,240,1,1

encoder,0,0, -25.0
GpsData: (-6.976015, 107.630355, 687.6, 0.0, 0.0, 3, 12)
2013:06:09:16:48:45 92 $master,240,240,1,1

encoder,0,0, -24.0
GpsData: (-6.976015, 107.630355, 687.6, 0.0, 0.0, 3, 12)
2013:06:09:16:48:45 91 $master,240,240,1,1

encoder,0,0, -23.0
GpsData: (-6.976015, 107.630355, 687.6, 0.0, 0.0, 3, 12)
2013:06:09:16:48:45 90 $master,240,240,1,1

encoder,0,0, -24.0
GpsData: (-6.976015, 107.630355, 687.6, 0.0, 0.0, 3, 12)
2013:06:09:16:48:45 89 $master,240,240,1,1

encoder,0,0, -26.0
GpsData: (-6.976015, 107.630355, 687.6, 0.0, 0.0, 3, 12)
2013:06:09:16:48:46 88 $master,240,240,1,1

encoder,0,0, -28.0
GpsData: (-6.976015, 107.630355, 687.6, 0.0, 0.0, 3, 12)
2013:06:09:16:48:46 87 $master,240,240,1,1

encoder,0,0, -29.0
GpsData: (-6.976015, 107.630355, 687.6, 0.0, 0.0, 3, 12)
2013:06:09:16:48:46 86 $master,240,240,1,1

encoder,0,0, -27.0
GpsData: (-6.976015, 107.630355, 687.6, 0.0, 0.0, 3, 12)
2013:06:09:16:48:46 85 $master,240,240,1,1

encoder,0,0, -24.0
GpsData: (-6.976015, 107.630355, 687.6, 0.0, 0.0, 3, 12)
2013:06:09:16:48:46 84 $master,240,240,1,1

encoder,0,0, -24.0
GpsData: (-6.976015, 107.630355, 687.6, 0.0, 0.0, 3, 12)
2013:06:09:16:48:47 83 $master,240,240,1,1

encoder,0,0, -30.0
GpsData: (-6.976015, 107.630355, 687.6, 0.0, 0.0, 3, 12)
2013:06:09:16:48:47 82 $master,240,240,1,1

encoder,0,0, -31.0
GpsData: (-6.976015, 107.630355, 687.6, 0.0, 0.0, 3, 12)
2013:06:09:16:48:47 81 $master,240,240,1,1

encoder,0,0, -32.0
GpsData: (-6.976015, 107.630355, 687.6, 0.0, 0.0, 3, 12)
2013:06:09:16:48:47 80 $master,240,240,1,1

encoder,0,0, -33.0
GpsData: (-6.976015, 107.630355, 687.6, 0.0, 0.0, 3, 12)
2013:06:09:16:48:47 79 $master,240,240,1,1

encoder,0,0, -32.0
GpsData: (-6.976015, 107.630355, 687.6, 0.0, 0.0, 3, 12)
2013:06:09:16:48:48 78 $master,240,240,1,1

encoder,0,0, -30.0
GpsData: (-6.976015, 107.630355, 687.6, 0.0, 0.0, 3, 12)
2013:06:09:16:48:48 77 $master,240,240,1,1

encoder,0,0, -34.0
GpsData: (-6.976015, 107.630355, 687.6, 0.0, 0.0, 3, 12)
2013:06:09:16:48:48 76 $master,240,240,1,1

encoder,0,0, -37.0
GpsData: (-6.976015, 107.630355, 687.6, 0.0, 0.0, 3, 12)
2013:06:09:16:48:48 75 $master,240,240,1,1

encoder,0,0, -38.0
GpsData: (-6.976015, 107.630355, 687.6, 0.0, 0.0, 3, 12)
2013:06:09:16:48:49 74 $master,240,240,1,1

encoder,0,0, -38.0
GpsData: (-6.976015, 107.630355, 687.6, 0.0, 0.0, 3, 12)
2013:06:09:16:48:49 73 $master,240,240,1,1

encoder,0,0, -38.0
GpsData: (-6.976015, 107.630355, 687.6, 0.0, 0.0, 3, 12)
2013:06:09:16:48:49 72 $master,240,240,1,1

encoder,0,0, -40.0
GpsData: (-6.976015, 107.630355, 687.6, 0.0, 0.0, 3, 12)
2013:06:09:16:48:49 71 $master,240,240,1,1

encoder,0,0, -41.0
GpsData: (-6.976015, 107.630355, 687.6, 0.0, 0.0, 3, 12)
2013:06:09:16:48:49 70 $master,240,240,1,1

encoder,0,0, -40.0
GpsData: (-6.976015, 107.630355, 687.6, 0.0, 0.0, 3, 12)
2013:06:09:16:48:50 69 $master,240,240,1,1

encoder,0,0, -41.0
GpsData: (-6.976015, 107.630355, 687.6, 0.0, 0.0, 3, 12)
2013:06:09:16:48:50 68 $master,240,240,1,1

encoder,0,0, -38.0
GpsData: (-6.976015, 107.630355, 687.6, 0.0, 0.0, 3, 12)
2013:06:09:16:48:50 67 $master,240,240,1,1

encoder,0,0, -40.0
GpsData: (-6.976015, 107.630355, 687.6, 0.0, 0.0, 3, 12)
2013:06:09:16:48:50 66 $master,240,240,1,1

encoder,0,0, -43.0
GpsData: (-6.976015, 107.630355, 687.6, 0.0, 0.0, 3, 12)
2013:06:09:16:48:50 65 $master,240,240,1,1

encoder,0,0, -45.0
GpsData: (-6.976015, 107.630355, 687.6, 0.0, 0.0, 3, 12)
2013:06:09:16:48:51 64 $master,240,240,1,1

encoder,0,0, -45.0
GpsData: (-6.976015, 107.630355, 687.6, 0.0, 0.0, 3, 12)
2013:06:09:16:48:51 63 $master,240,240,1,1

encoder,0,0, -44.0
GpsData: (-6.976015, 107.630355, 687.6, 0.0, 0.0, 3, 12)
2013:06:09:16:48:51 62 $master,240,240,1,1

encoder,0,0, -45.0
GpsData: (-6.976015, 107.630355, 687.6, 0.0, 0.0, 3, 12)
2013:06:09:16:48:51 61 $master,240,240,1,1

encoder,0,0, -43.0
GpsData: (-6.976015, 107.630355, 687.6, 0.0, 0.0, 3, 12)
2013:06:09:16:48:51 60 $master,240,240,1,1

encoder,0,0, -44.0
GpsData: (-6.976015, 107.630355, 687.6, 0.0, 0.0, 3, 12)
2013:06:09:16:48:52 59 $master,240,240,1,1

encoder,0,0, 314.0
GpsData: (-6.976015, 107.630355, 687.6, 0.0, 0.0, 3, 12)
2013:06:09:16:48:52 58 $master,240,240,1,1

encoder,0,0, 313.0
GpsData: (-6.976015, 107.630355, 687.6, 0.0, 0.0, 3, 12)
2013:06:09:16:48:52 57 $master,240,240,1,1

encoder,0,0, 312.0
GpsData: (-6.976015, 107.630355, 687.6, 0.0, 0.0, 3, 12)
2013:06:09:16:48:52 56 $master,240,240,1,1

encoder,0,0, 313.0
GpsData: (-6.976015, 107.630355, 687.6, 0.0, 0.0, 3, 12)
2013:06:09:16:48:52 55 $master,240,240,1,1

encoder,0,0, 313.0
GpsData: (-6.976015, 107.630355, 687.6, 0.0, 0.0, 3, 12)
2013:06:09:16:48:53 54 $master,240,240,1,1

encoder,0,0, 311.0
GpsData: (-6.976015, 107.630355, 687.6, 0.0, 0.0, 3, 12)
2013:06:09:16:48:53 53 $master,240,240,1,1

encoder,0,0, 309.0
GpsData: (-6.976015, 107.630355, 687.6, 0.0, 0.0, 3, 12)
2013:06:09:16:48:53 52 $master,240,240,1,1

encoder,0,0, 308.0
GpsData: (-6.976015, 107.630355, 687.6, 0.0, 0.0, 3, 12)
2013:06:09:16:48:54 51 $master,240,240,1,1

encoder,0,0, 308.0
GpsData: (-6.976015, 107.630355, 687.6, 0.0, 0.0, 3, 12)
2013:06:09:16:48:54 50 $master,240,240,1,1

encoder,0,0, 309.0
GpsData: (-6.976015, 107.630355, 687.6, 0.0, 0.0, 3, 12)
2013:06:09:16:48:54 49 $master,240,240,1,1

encoder,0,0, 307.0
GpsData: (-6.976015, 107.630355, 687.6, 0.0, 0.0, 3, 12)
2013:06:09:16:48:54 48 $master,240,240,1,1

encoder,0,0, 306.0
GpsData: (-6.976015, 107.630355, 687.6, 0.0, 0.0, 3, 12)
2013:06:09:16:48:54 47 $master,240,240,1,1

encoder,0,0, 305.0
GpsData: (-6.976015, 107.630355, 687.6, 0.0, 0.0, 3, 12)
2013:06:09:16:48:55 46 $master,240,240,1,1

encoder,0,0, 306.0
GpsData: (-6.976015, 107.630355, 687.6, 0.0, 0.0, 3, 12)
2013:06:09:16:48:55 45 $master,240,240,1,1

encoder,0,0, 308.0
GpsData: (-6.976015, 107.630355, 687.6, 0.0, 0.0, 3, 12)
2013:06:09:16:48:55 44 $master,240,240,1,1

encoder,0,0, 308.0
GpsData: (-6.976015, 107.630355, 687.6, 0.0, 0.0, 3, 12)
2013:06:09:16:48:55 43 $master,240,240,1,1

encoder,0,0, 306.0
GpsData: (-6.976015, 107.630355, 687.6, 0.0, 0.0, 3, 12)
2013:06:09:16:48:55 42 $master,240,240,1,1

encoder,0,0, 306.0
GpsData: (-6.976015, 107.630355, 687.6, 0.0, 0.0, 3, 12)
2013:06:09:16:48:56 41 $master,240,240,1,1

encoder,0,0, 304.0
GpsData: (-6.976015, 107.630355, 687.6, 0.0, 0.0, 3, 12)
2013:06:09:16:48:56 40 $master,240,240,1,1

encoder,0,0, 305.0
GpsData: (-6.976015, 107.630355, 687.6, 0.0, 0.0, 3, 12)
2013:06:09:16:48:56 39 $master,240,240,1,1

encoder,0,0, 305.0
GpsData: (-6.976015, 107.630355, 687.6, 0.0, 0.0, 3, 12)
2013:06:09:16:48:56 38 $master,240,240,1,1

encoder,0,0, 305.0
GpsData: (-6.976015, 107.630355, 687.6, 0.0, 0.0, 3, 12)
2013:06:09:16:48:56 37 $master,240,240,1,1

encoder,0,0, 302.0
GpsData: (-6.976015, 107.630355, 687.6, 0.0, 0.0, 3, 12)
2013:06:09:16:48:57 36 $master,240,240,1,1

encoder,0,0, 302.0
GpsData: (-6.976015, 107.630355, 687.6, 0.0, 0.0, 3, 12)
2013:06:09:16:48:57 35 $master,240,240,1,1

encoder,0,0, 302.0
GpsData: (-6.976015, 107.630355, 687.6, 0.0, 0.0, 3, 12)
2013:06:09:16:48:57 34 $master,240,240,1,1

encoder,0,0, 300.0
GpsData: (-6.976015, 107.630355, 687.6, 0.0, 0.0, 3, 12)
2013:06:09:16:48:57 33 $master,240,240,1,1

encoder,0,0, 300.0
GpsData: (-6.976015, 107.630355, 687.6, 0.0, 0.0, 3, 12)
2013:06:09:16:48:57 32 $master,240,240,1,1

encoder,0,0, 299.0
GpsData: (-6.976015, 107.630355, 687.6, 0.0, 0.0, 3, 12)
2013:06:09:16:48:58 31 $master,240,240,1,1

encoder,0,0, 297.0
GpsData: (-6.976015, 107.630355, 687.6, 0.0, 0.0, 3, 12)
2013:06:09:16:48:58 30 $master,240,240,1,1

encoder,0,0, 297.0
GpsData: (-6.976015, 107.630355, 687.6, 0.0, 0.0, 3, 12)
2013:06:09:16:48:58 29 $master,240,240,1,1

encoder,0,0, 296.0
GpsData: (-6.976015, 107.630355, 687.6, 0.0, 0.0, 3, 12)
2013:06:09:16:48:58 28 $master,240,240,1,1

encoder,0,0, 295.0
GpsData: (-6.976015, 107.630355, 687.6, 0.0, 0.0, 3, 12)
2013:06:09:16:48:58 27 $master,240,240,1,1

encoder,0,0, 296.0
GpsData: (-6.976015, 107.630355, 687.6, 0.0, 0.0, 3, 12)
2013:06:09:16:48:59 26 $master,240,240,1,1

encoder,0,0, 296.0
GpsData: (-6.976015, 107.630355, 687.6, 0.0, 0.0, 3, 12)
2013:06:09:16:48:59 25 $master,240,240,1,1

encoder,0,0, 295.0
GpsData: (-6.976015, 107.630355, 687.6, 0.0, 0.0, 3, 12)
2013:06:09:16:48:59 24 $master,240,240,1,1

encoder,0,0, 295.0
GpsData: (-6.976015, 107.630355, 687.6, 0.0, 0.0, 3, 12)
2013:06:09:16:48:59 23 $master,240,240,1,1

encoder,0,0, 294.0
GpsData: (-6.976015, 107.630355, 687.6, 0.0, 0.0, 3, 12)
2013:06:09:16:48:59 22 $master,240,240,1,1

encoder,0,0, 294.0
GpsData: (-6.976015, 107.630355, 687.6, 0.0, 0.0, 3, 12)
2013:06:09:16:49:00 21 $master,240,240,1,1

encoder,0,0, 294.0
GpsData: (-6.976015, 107.630355, 687.6, 0.0, 0.0, 3, 12)
2013:06:09:16:49:00 20 $master,240,240,1,1

encoder,0,0, 293.0
GpsData: (-6.976015, 107.630355, 687.6, 0.0, 0.0, 3, 12)
2013:06:09:16:49:00 19 $master,240,240,1,1

encoder,0,0, 291.0
GpsData: (-6.976015, 107.630355, 687.6, 0.0, 0.0, 3, 12)
2013:06:09:16:49:00 18 $master,240,240,1,1

encoder,0,0, 291.0
GpsData: (-6.976015, 107.630355, 687.6, 0.0, 0.0, 3, 12)
2013:06:09:16:49:00 17 $master,240,240,1,1

encoder,0,0, 291.0
GpsData: (-6.976015, 107.630355, 687.6, 0.0, 0.0, 3, 12)
2013:06:09:16:49:01 16 $master,240,240,1,1

encoder,0,0, 291.0
GpsData: (-6.976015, 107.630355, 687.6, 0.0, 0.0, 3, 12)
2013:06:09:16:49:01 15 $master,240,240,1,1

encoder,0,0, 292.0
GpsData: (-6.976015, 107.630355, 687.6, 0.0, 0.0, 3, 12)
2013:06:09:16:49:01 14 $master,240,240,1,1

encoder,0,0, 292.0
GpsData: (-6.976015, 107.630355, 687.6, 0.0, 0.0, 3, 12)
2013:06:09:16:49:01 13 $master,240,240,1,1

encoder,0,0, 290.0
GpsData: (-6.976015, 107.630355, 687.6, 0.0, 0.0, 3, 12)
2013:06:09:16:49:01 12 $master,240,240,1,1

encoder,0,0, 290.0
GpsData: (-6.976015, 107.630355, 687.6, 0.0, 0.0, 3, 12)
2013:06:09:16:49:02 11 $master,240,240,1,1

encoder,0,0, 290.0
GpsData: (-6.976015, 107.630355, 687.6, 0.0, 0.0, 3, 12)
2013:06:09:16:49:02 10 $master,240,240,1,1

encoder,0,0, 290.0
GpsData: (-6.976015, 107.630355, 687.6, 0.0, 0.0, 3, 12)
2013:06:09:16:49:02 9 $master,240,240,1,1

encoder,0,0, 288.0
GpsData: (-6.976015, 107.630355, 687.6, 0.0, 0.0, 3, 12)
2013:06:09:16:49:02 8 $master,240,240,1,1

encoder,0,0, 287.0
GpsData: (-6.976015, 107.630355, 687.6, 0.0, 0.0, 3, 12)
2013:06:09:16:49:02 7 $master,240,240,1,1

encoder,0,0, 286.0
GpsData: (-6.976015, 107.630355, 687.6, 0.0, 0.0, 3, 12)
2013:06:09:16:49:03 6 $master,240,240,1,1

encoder,0,0, 286.0
GpsData: (-6.976015, 107.630355, 687.6, 0.0, 0.0, 3, 12)
2013:06:09:16:49:03 5 $master,240,240,1,1

encoder,0,0, 286.0
GpsData: (-6.976015, 107.630355, 687.6, 0.0, 0.0, 3, 12)
2013:06:09:16:49:03 4 $master,240,240,1,1

encoder,0,0, 285.0
GpsData: (-6.976015, 107.630355, 687.6, 0.0, 0.0, 3, 12)
2013:06:09:16:49:03 3 $master,240,240,1,1

encoder,0,0, 284.0
GpsData: (-6.976015, 107.630355, 687.6, 0.0, 0.0, 3, 12)
2013:06:09:16:49:03 2 $master,240,240,1,1

encoder,0,0, 286.0
GpsData: (-6.976015, 107.630355, 687.6, 0.0, 0.0, 3, 12)
2013:06:09:16:49:04 1 $master,240,240,1,1

