encoder,0,0, 23.0
GpsData: (-6.976015, 107.630355, 687.6, 0.0, 0.0, 3, 11)
2013:06:09:16:47:36 100 $master,240,240,1,1

encoder,0,0, 35.0
GpsData: (-6.976015, 107.630355, 687.6, 0.0, 0.0, 3, 11)
2013:06:09:16:47:36 99 $master,240,240,1,1

encoder,0,0, 35.0
GpsData: (-6.976015, 107.630355, 687.6, 0.0, 0.0, 3, 11)
2013:06:09:16:47:36 98 $master,240,240,1,1

encoder,0,0, 42.0
GpsData: (-6.976015, 107.630355, 687.6, 0.0, 0.0, 3, 11)
2013:06:09:16:47:37 97 $master,240,240,1,1

encoder,0,0, 39.0
GpsData: (-6.976015, 107.630355, 687.6, 0.0, 0.0, 3, 11)
2013:06:09:16:47:37 96 $master,240,240,1,1

encoder,0,0, 37.0
GpsData: (-6.976015, 107.630355, 687.6, 0.0, 0.0, 3, 11)
2013:06:09:16:47:37 95 $master,240,240,1,1

encoder,0,0, 30.0
GpsData: (-6.976015, 107.630355, 687.6, 0.0, 0.0, 3, 11)
2013:06:09:16:47:37 94 $master,240,240,1,1

encoder,0,0, 17.0
GpsData: (-6.976015, 107.630355, 687.6, 0.0, 0.0, 3, 11)
2013:06:09:16:47:37 93 $master,240,240,1,1

encoder,0,0, 1.0
GpsData: (-6.976015, 107.630355, 687.6, 0.0, 0.0, 3, 11)
2013:06:09:16:47:38 92 $master,240,240,1,1

encoder,0,0, -19.0
GpsData: (-6.976015, 107.630355, 687.6, 0.0, 0.0, 3, 11)
2013:06:09:16:47:38 91 $master,240,240,1,1

encoder,0,0, -47.0
GpsData: (-6.976015, 107.630355, 687.6, 0.0, 0.0, 3, 11)
2013:06:09:16:47:38 90 $master,240,240,1,1

encoder,0,0, -69.0
GpsData: (-6.976015, 107.630355, 687.6, 0.0, 0.0, 3, 11)
2013:06:09:16:47:38 89 $master,240,240,1,1

encoder,0,0, -87.0
GpsData: (-6.976015, 107.630355, 687.6, 0.0, 0.0, 3, 11)
2013:06:09:16:47:38 88 $master,240,240,1,1

encoder,0,0, 257.0
GpsData: (-6.976015, 107.630355, 687.6, 0.0, 0.0, 3, 11)
2013:06:09:16:47:39 87 $master,240,240,1,1

encoder,0,0, 232.0
GpsData: (-6.976015, 107.630355, 687.6, 0.0, 0.0, 3, 11)
2013:06:09:16:47:39 86 $master,240,240,1,1

encoder,0,0, 210.0
GpsData: (-6.976015, 107.630355, 687.6, 0.0, 0.0, 3, 11)
2013:06:09:16:47:39 85 $master,240,240,1,1

encoder,0,0, 190.0
GpsData: (-6.976015, 107.630355, 687.6, 0.0, 0.0, 3, 11)
2013:06:09:16:47:39 84 $master,240,240,1,1

encoder,0,0, 173.0
GpsData: (-6.976015, 107.630355, 687.6, 0.0, 0.0, 3, 11)
2013:06:09:16:47:39 83 $master,240,240,1,1

encoder,0,0, 155.0
GpsData: (-6.976015, 107.630355, 687.6, 0.0, 0.0, 3, 11)
2013:06:09:16:47:40 82 $master,240,240,1,1

encoder,0,0, 136.0
GpsData: (-6.976015, 107.630355, 687.6, 0.0, 0.0, 3, 11)
2013:06:09:16:47:40 81 $master,240,240,1,1

encoder,0,0, 120.0
GpsData: (-6.976015, 107.630355, 687.6, 0.0, 0.0, 3, 11)
2013:06:09:16:47:40 80 $master,240,240,1,1

encoder,0,0, 104.0
GpsData: (-6.976015, 107.630355, 687.6, 0.0, 0.0, 3, 11)
2013:06:09:16:47:40 79 $master,240,240,1,1

encoder,0,0, 79.0
GpsData: (-6.976015, 107.630355, 687.6, 0.0, 0.0, 3, 11)
2013:06:09:16:47:40 78 $master,240,240,1,1

encoder,0,0, 50.0
GpsData: (-6.976015, 107.630355, 687.6, 0.0, 0.0, 3, 11)
2013:06:09:16:47:41 77 $master,240,240,1,1

encoder,0,0, 19.0
GpsData: (-6.976015, 107.630355, 687.6, 0.0, 0.0, 3, 11)
2013:06:09:16:47:41 76 $master,240,240,1,1

encoder,0,0, -29.0
GpsData: (-6.976015, 107.630355, 687.6, 0.0, 0.0, 3, 11)
2013:06:09:16:47:41 75 $master,240,240,1,1

encoder,0,0, 259.0
GpsData: (-6.976015, 107.630355, 687.6, 0.0, 0.0, 3, 11)
2013:06:09:16:47:41 74 $master,240,240,1,1

encoder,0,0, 244.0
GpsData: (-6.976015, 107.630355, 687.6, 0.0, 0.0, 3, 11)
2013:06:09:16:47:42 73 $master,240,240,1,1

encoder,0,0, 220.0
GpsData: (-6.976015, 107.630355, 687.6, 0.0, 0.0, 3, 11)
2013:06:09:16:47:42 72 $master,240,240,1,1

encoder,0,0, 200.0
GpsData: (-6.976015, 107.630355, 687.6, 0.0, 0.0, 3, 11)
2013:06:09:16:47:42 71 $master,240,240,1,1

encoder,0,0, 184.0
GpsData: (-6.976015, 107.630355, 687.6, 0.0, 0.0, 3, 11)
2013:06:09:16:47:42 70 $master,240,240,1,1

encoder,0,0, 165.0
GpsData: (-6.976015, 107.630355, 687.6, 0.0, 0.0, 3, 11)
2013:06:09:16:47:42 69 $master,240,240,1,1

encoder,0,0, 146.0
GpsData: (-6.976015, 107.630355, 687.6, 0.0, 0.0, 3, 11)
2013:06:09:16:47:43 68 $master,240,240,1,1

encoder,0,0, 131.0
GpsData: (-6.976015, 107.630355, 687.6, 0.0, 0.0, 3, 11)
2013:06:09:16:47:43 67 $master,240,240,1,1

encoder,0,0, 113.0
GpsData: (-6.976015, 107.630355, 687.6, 0.0, 0.0, 3, 11)
2013:06:09:16:47:43 66 $master,240,240,1,1

encoder,0,0, 88.0
GpsData: (-6.976015, 107.630355, 687.6, 0.0, 0.0, 3, 11)
2013:06:09:16:47:43 65 $master,240,240,1,1

encoder,0,0, 57.0
GpsData: (-6.976015, 107.630355, 687.6, 0.0, 0.0, 3, 11)
2013:06:09:16:47:43 64 $master,240,240,1,1

encoder,0,0, 17.0
GpsData: (-6.976015, 107.630355, 687.6, 0.0, 0.0, 3, 11)
2013:06:09:16:47:44 63 $master,240,240,1,1

encoder,0,0, -30.0
GpsData: (-6.976015, 107.630355, 687.6, 0.0, 0.0, 3, 11)
2013:06:09:16:47:44 62 $master,240,240,1,1

encoder,0,0, -66.0
GpsData: (-6.976015, 107.630355, 687.6, 0.0, 0.0, 3, 11)
2013:06:09:16:47:44 61 $master,240,240,1,1

encoder,0,0, 267.0
GpsData: (-6.976015, 107.630355, 687.6, 0.0, 0.0, 3, 11)
2013:06:09:16:47:44 60 $master,240,240,1,1

encoder,0,0, 240.0
GpsData: (-6.976015, 107.630355, 687.6, 0.0, 0.0, 3, 11)
2013:06:09:16:47:44 59 $master,240,240,1,1

encoder,0,0, 212.0
GpsData: (-6.976015, 107.630355, 687.6, 0.0, 0.0, 3, 11)
2013:06:09:16:47:45 58 $master,240,240,1,1

encoder,0,0, 190.0
GpsData: (-6.976015, 107.630355, 687.6, 0.0, 0.0, 3, 11)
2013:06:09:16:47:45 57 $master,240,240,1,1

encoder,0,0, 174.0
GpsData: (-6.976015, 107.630355, 687.6, 0.0, 0.0, 3, 11)
2013:06:09:16:47:45 56 $master,240,240,1,1

encoder,0,0, 145.0
GpsData: (-6.976015, 107.630355, 687.6, 0.0, 0.0, 3, 11)
2013:06:09:16:47:45 55 $master,240,240,1,1

encoder,0,0, 134.0
GpsData: (-6.976015, 107.630355, 687.6, 0.0, 0.0, 3, 11)
2013:06:09:16:47:45 54 $master,240,240,1,1

encoder,0,0, 111.0
GpsData: (-6.976015, 107.630355, 687.6, 0.0, 0.0, 3, 11)
2013:06:09:16:47:46 53 $master,240,240,1,1

encoder,0,0, 80.0
GpsData: (-6.976015, 107.630355, 687.6, 0.0, 0.0, 3, 11)
2013:06:09:16:47:46 52 $master,240,240,1,1

encoder,0,0, 48.0
GpsData: (-6.976015, 107.630355, 687.6, 0.0, 0.0, 3, 11)
2013:06:09:16:47:46 51 $master,240,240,1,1

encoder,0,0, 11.0
GpsData: (-6.976015, 107.630355, 687.6, 0.0, 0.0, 3, 11)
2013:06:09:16:47:46 50 $master,240,240,1,1

encoder,0,0, -34.0
GpsData: (-6.976015, 107.630355, 687.6, 0.0, 0.0, 3, 11)
2013:06:09:16:47:46 49 $master,240,240,1,1

encoder,0,0, -71.0
GpsData: (-6.976015, 107.630355, 687.6, 0.0, 0.0, 3, 11)
2013:06:09:16:47:47 48 $master,240,240,1,1

encoder,0,0, 265.0
GpsData: (-6.976015, 107.630355, 687.6, 0.0, 0.0, 3, 11)
2013:06:09:16:47:47 47 $master,240,240,1,1

encoder,0,0, 242.0
GpsData: (-6.976015, 107.630355, 687.6, 0.0, 0.0, 3, 11)
2013:06:09:16:47:47 46 $master,240,240,1,1

encoder,0,0, 215.0
GpsData: (-6.976015, 107.630355, 687.6, 0.0, 0.0, 3, 11)
2013:06:09:16:47:47 45 $master,240,240,1,1

encoder,0,0, 190.0
GpsData: (-6.976015, 107.630355, 687.6, 0.0, 0.0, 3, 11)
2013:06:09:16:47:47 44 $master,240,240,1,1

encoder,0,0, 166.0
GpsData: (-6.976015, 107.630355, 687.6, 0.0, 0.0, 3, 11)
2013:06:09:16:47:48 43 $master,240,240,1,1

encoder,0,0, 149.0
GpsData: (-6.976015, 107.630355, 687.6, 0.0, 0.0, 3, 11)
2013:06:09:16:47:48 42 $master,240,240,1,1

encoder,0,0, 148.0
GpsData: (-6.976015, 107.630355, 687.6, 0.0, 0.0, 3, 11)
2013:06:09:16:47:48 41 $master,240,240,1,1

encoder,0,0, 148.0
GpsData: (-6.976015, 107.630355, 687.6, 0.0, 0.0, 3, 11)
2013:06:09:16:47:48 40 $master,240,240,1,1

encoder,0,0, 149.0
GpsData: (-6.976015, 107.630355, 687.6, 0.0, 0.0, 3, 11)
2013:06:09:16:47:48 39 $master,240,240,1,1

encoder,0,0, 144.0
GpsData: (-6.976015, 107.630355, 687.6, 0.0, 0.0, 3, 11)
2013:06:09:16:47:49 38 $master,240,240,1,1

encoder,0,0, 134.0
GpsData: (-6.976015, 107.630355, 687.6, 0.0, 0.0, 3, 11)
2013:06:09:16:47:49 37 $master,240,240,1,1

encoder,0,0, 130.0
GpsData: (-6.976015, 107.630355, 687.6, 0.0, 0.0, 3, 11)
2013:06:09:16:47:49 36 $master,240,240,1,1

encoder,0,0, 129.0
GpsData: (-6.976015, 107.630355, 687.6, 0.0, 0.0, 3, 11)
2013:06:09:16:47:49 35 $master,240,240,1,1

encoder,0,0, 128.0
GpsData: (-6.976015, 107.630355, 687.6, 0.0, 0.0, 3, 11)
2013:06:09:16:47:49 34 $master,240,240,1,1

encoder,0,0, 130.0
GpsData: (-6.976015, 107.630355, 687.6, 0.0, 0.0, 3, 11)
2013:06:09:16:47:50 33 $master,240,240,1,1

encoder,0,0, 129.0
GpsData: (-6.976015, 107.630355, 687.6, 0.0, 0.0, 3, 11)
2013:06:09:16:47:50 32 $master,240,240,1,1

encoder,0,0, 128.0
GpsData: (-6.976015, 107.630355, 687.6, 0.0, 0.0, 3, 11)
2013:06:09:16:47:50 31 $master,240,240,1,1

encoder,0,0, 127.0
GpsData: (-6.976015, 107.630355, 687.6, 0.0, 0.0, 3, 11)
2013:06:09:16:47:50 30 $master,240,240,1,1

encoder,0,0, 127.0
GpsData: (-6.976015, 107.630355, 687.6, 0.0, 0.0, 3, 11)
2013:06:09:16:47:50 29 $master,240,240,1,1

encoder,0,0, 127.0
GpsData: (-6.976015, 107.630355, 687.6, 0.0, 0.0, 3, 11)
2013:06:09:16:47:51 28 $master,240,240,1,1

encoder,0,0, 128.0
GpsData: (-6.976015, 107.630355, 687.6, 0.0, 0.0, 3, 11)
2013:06:09:16:47:51 27 $master,240,240,1,1

encoder,0,0, 129.0
GpsData: (-6.976015, 107.630355, 687.6, 0.0, 0.0, 3, 11)
2013:06:09:16:47:51 26 $master,240,240,1,1

encoder,0,0, 126.0
GpsData: (-6.976015, 107.630355, 687.6, 0.0, 0.0, 3, 11)
2013:06:09:16:47:51 25 $master,240,240,1,1

encoder,0,0, 125.0
GpsData: (-6.976015, 107.630355, 687.6, 0.0, 0.0, 3, 11)
2013:06:09:16:47:51 24 $master,240,240,1,1

encoder,0,0, 127.0
GpsData: (-6.976015, 107.630355, 687.6, 0.0, 0.0, 3, 11)
2013:06:09:16:47:52 23 $master,240,240,1,1

encoder,0,0, 128.0
GpsData: (-6.976015, 107.630355, 687.6, 0.0, 0.0, 3, 11)
2013:06:09:16:47:52 22 $master,240,240,1,1

encoder,0,0, 126.0
GpsData: (-6.976015, 107.630355, 687.6, 0.0, 0.0, 3, 11)
2013:06:09:16:47:52 21 $master,240,240,1,1

encoder,0,0, 127.0
GpsData: (-6.976015, 107.630355, 687.6, 0.0, 0.0, 3, 11)
2013:06:09:16:47:52 20 $master,240,240,1,1

encoder,0,0, 130.0
GpsData: (-6.976015, 107.630355, 687.6, 0.0, 0.0, 3, 11)
2013:06:09:16:47:52 19 $master,240,240,1,1

encoder,0,0, 134.0
GpsData: (-6.976015, 107.630355, 687.6, 0.0, 0.0, 3, 11)
2013:06:09:16:47:53 18 $master,240,240,1,1

encoder,0,0, 135.0
GpsData: (-6.976015, 107.630355, 687.6, 0.0, 0.0, 3, 11)
2013:06:09:16:47:53 17 $master,240,240,1,1

encoder,0,0, 139.0
GpsData: (-6.976015, 107.630355, 687.6, 0.0, 0.0, 3, 11)
2013:06:09:16:47:53 16 $master,240,240,1,1

encoder,0,0, 140.0
GpsData: (-6.976015, 107.630355, 687.6, 0.0, 0.0, 3, 11)
2013:06:09:16:47:53 15 $master,240,240,1,1

encoder,0,0, 141.0
GpsData: (-6.976015, 107.630355, 687.6, 0.0, 0.0, 3, 11)
2013:06:09:16:47:53 14 $master,240,240,1,1

encoder,0,0, 142.0
GpsData: (-6.976015, 107.630355, 687.6, 0.0, 0.0, 3, 11)
2013:06:09:16:47:54 13 $master,240,240,1,1

encoder,0,0, 142.0
GpsData: (-6.976015, 107.630355, 687.6, 0.0, 0.0, 3, 11)
2013:06:09:16:47:54 12 $master,240,240,1,1

encoder,0,0, 142.0
GpsData: (-6.976015, 107.630355, 687.6, 0.0, 0.0, 3, 11)
2013:06:09:16:47:54 11 $master,240,240,1,1

encoder,0,0, 143.0
GpsData: (-6.976015, 107.630355, 687.6, 0.0, 0.0, 3, 11)
2013:06:09:16:47:54 10 $master,240,240,1,1

encoder,0,0, 143.0
GpsData: (-6.976015, 107.630355, 687.6, 0.0, 0.0, 3, 11)
2013:06:09:16:47:54 9 $master,240,240,1,1

encoder,0,0, 143.0
GpsData: (-6.976015, 107.630355, 687.6, 0.0, 0.0, 3, 11)
2013:06:09:16:47:55 8 $master,240,240,1,1

encoder,0,0, 144.0
GpsData: (-6.976015, 107.630355, 687.6, 0.0, 0.0, 3, 11)
2013:06:09:16:47:55 7 $master,240,240,1,1

encoder,0,0, 144.0
GpsData: (-6.976015, 107.630355, 687.6, 0.0, 0.0, 3, 11)
2013:06:09:16:47:55 6 $master,240,240,1,1

encoder,0,0, 144.0
GpsData: (-6.976015, 107.630355, 687.6, 0.0, 0.0, 3, 11)
2013:06:09:16:47:55 5 $master,240,240,1,1

encoder,0,0, 144.0
GpsData: (-6.976015, 107.630355, 687.6, 0.0, 0.0, 3, 11)
2013:06:09:16:47:55 4 $master,240,240,1,1

encoder,0,0, 142.0
GpsData: (-6.976015, 107.630355, 687.6, 0.0, 0.0, 3, 11)
2013:06:09:16:47:56 3 $master,240,240,1,1

encoder,0,0, 141.0
GpsData: (-6.976015, 107.630355, 687.6, 0.0, 0.0, 3, 11)
2013:06:09:16:47:56 2 $master,240,240,1,1

encoder,0,0, 140.0
GpsData: (-6.976015, 107.630355, 687.6, 0.0, 0.0, 3, 11)
2013:06:09:16:47:56 1 $master,240,240,1,1

