encoder,9,0, -49.0
GpsData: (-6.976015, 107.630355, 687.6, 0.0, 0.0, 3, 12)
2013:06:09:16:44:40 100 $master,240,240,1,1

encoder,9,0, -59.0
GpsData: (-6.976015, 107.630355, 687.6, 0.0, 0.0, 3, 12)
2013:06:09:16:44:40 99 $master,240,240,1,1

encoder,9,0, -61.0
GpsData: (-6.976015, 107.630355, 687.6, 0.0, 0.0, 3, 12)
2013:06:09:16:44:41 98 $master,240,240,1,1

encoder,9,0, -59.0
GpsData: (-6.976015, 107.630355, 687.6, 0.0, 0.0, 3, 12)
2013:06:09:16:44:41 97 $master,240,240,1,1

encoder,9,0, -60.0
GpsData: (-6.976015, 107.630355, 687.6, 0.0, 0.0, 3, 12)
2013:06:09:16:44:41 96 $master,240,240,1,1

encoder,9,0, -63.0
GpsData: (-6.976015, 107.630355, 687.6, 0.0, 0.0, 3, 12)
2013:06:09:16:44:41 95 $master,240,240,1,1

encoder,9,0, -63.0
GpsData: (-6.976015, 107.630355, 687.6, 0.0, 0.0, 3, 12)
2013:06:09:16:44:41 94 $master,240,240,1,1

encoder,9,0, -64.0
GpsData: (-6.976015, 107.630355, 687.6, 0.0, 0.0, 3, 12)
2013:06:09:16:44:43 93 $master,240,240,1,1

encoder,9,0, -69.0
GpsData: (-6.976015, 107.630355, 687.6, 0.0, 0.0, 3, 12)
2013:06:09:16:44:43 92 $master,240,240,1,1

encoder,9,0, -67.0
GpsData: (-6.976015, 107.630355, 687.6, 0.0, 0.0, 3, 12)
2013:06:09:16:44:43 91 $master,240,240,1,1

encoder,9,0, -66.0
GpsData: (-6.976015, 107.630355, 687.6, 0.0, 0.0, 3, 12)
2013:06:09:16:44:44 90 $master,240,240,1,1

encoder,9,0, -70.0
GpsData: (-6.976015, 107.630355, 687.6, 0.0, 0.0, 3, 12)
2013:06:09:16:44:44 89 $master,240,240,1,1

encoder,9,0, -71.0
GpsData: (-6.976015, 107.630355, 687.6, 0.0, 0.0, 3, 12)
2013:06:09:16:44:44 88 $master,240,240,1,1

encoder,9,0, -72.0
GpsData: (-6.976015, 107.630355, 687.6, 0.0, 0.0, 3, 12)
2013:06:09:16:44:44 87 $master,240,240,1,1

encoder,9,0, -72.0
GpsData: (-6.976015, 107.630355, 687.6, 0.0, 0.0, 3, 12)
2013:06:09:16:44:44 86 $master,240,240,1,1

encoder,9,0, -72.0
GpsData: (-6.976015, 107.630355, 687.6, 0.0, 0.0, 3, 12)
2013:06:09:16:44:45 85 $master,240,240,1,1

encoder,9,0, -73.0
GpsData: (-6.976015, 107.630355, 687.6, 0.0, 0.0, 3, 12)
2013:06:09:16:44:45 84 $master,240,240,1,1

encoder,9,0, -73.0
GpsData: (-6.976015, 107.630355, 687.6, 0.0, 0.0, 3, 12)
2013:06:09:16:44:45 83 $master,240,240,1,1

encoder,9,0, -76.0
GpsData: (-6.976015, 107.630355, 687.6, 0.0, 0.0, 3, 12)
2013:06:09:16:44:45 82 $master,240,240,1,1

encoder,9,0, -77.0
GpsData: (-6.976015, 107.630355, 687.6, 0.0, 0.0, 3, 12)
2013:06:09:16:44:45 81 $master,240,240,1,1

encoder,9,0, -78.0
GpsData: (-6.976015, 107.630355, 687.6, 0.0, 0.0, 3, 12)
2013:06:09:16:44:46 80 $master,240,240,1,1

encoder,9,0, -79.0
GpsData: (-6.976015, 107.630355, 687.6, 0.0, 0.0, 3, 12)
2013:06:09:16:44:46 79 $master,240,240,1,1

encoder,9,0, -79.0
GpsData: (-6.976015, 107.630355, 687.6, 0.0, 0.0, 3, 12)
2013:06:09:16:44:46 78 $master,240,240,1,1

encoder,9,0, -79.0
GpsData: (-6.976015, 107.630355, 687.6, 0.0, 0.0, 3, 12)
2013:06:09:16:44:46 77 $master,240,240,1,1

encoder,9,0, -81.0
GpsData: (-6.976015, 107.630355, 687.6, 0.0, 0.0, 3, 12)
2013:06:09:16:44:46 76 $master,240,240,1,1

encoder,9,0, -82.0
GpsData: (-6.976015, 107.630355, 687.6, 0.0, 0.0, 3, 12)
2013:06:09:16:44:47 75 $master,240,240,1,1

encoder,9,0, -83.0
GpsData: (-6.976015, 107.630355, 687.6, 0.0, 0.0, 3, 12)
2013:06:09:16:44:47 74 $master,240,240,1,1

encoder,9,0, -84.0
GpsData: (-6.976015, 107.630355, 687.6, 0.0, 0.0, 3, 12)
2013:06:09:16:44:48 73 $master,240,240,1,1

encoder,9,0, -85.0
GpsData: (-6.976015, 107.630355, 687.6, 0.0, 0.0, 3, 12)
2013:06:09:16:44:48 72 $master,240,240,1,1

encoder,9,0, -87.0
GpsData: (-6.976015, 107.630355, 687.6, 0.0, 0.0, 3, 12)
2013:06:09:16:44:48 71 $master,240,240,1,1

encoder,9,0, -85.0
GpsData: (-6.976015, 107.630355, 687.6, 0.0, 0.0, 3, 12)
2013:06:09:16:44:48 70 $master,240,240,1,1

encoder,9,0, -87.0
GpsData: (-6.976015, 107.630355, 687.6, 0.0, 0.0, 3, 12)
2013:06:09:16:44:48 69 $master,240,240,1,1

encoder,9,0, -86.0
GpsData: (-6.976015, 107.630355, 687.6, 0.0, 0.0, 3, 12)
2013:06:09:16:44:49 68 $master,240,240,1,1

encoder,9,0, -86.0
GpsData: (-6.976015, 107.630355, 687.6, 0.0, 0.0, 3, 12)
2013:06:09:16:44:49 67 $master,240,240,1,1

encoder,9,0, -87.0
GpsData: (-6.976015, 107.630355, 687.6, 0.0, 0.0, 3, 12)
2013:06:09:16:44:49 66 $master,240,240,1,1

encoder,9,0, -90.0
GpsData: (-6.976015, 107.630355, 687.6, 0.0, 0.0, 3, 12)
2013:06:09:16:44:49 65 $master,240,240,1,1

encoder,9,0, 268.0
GpsData: (-6.976015, 107.630355, 687.6, 0.0, 0.0, 3, 12)
2013:06:09:16:44:49 64 $master,240,240,1,1

encoder,9,0, 268.0
GpsData: (-6.976015, 107.630355, 687.6, 0.0, 0.0, 3, 12)
2013:06:09:16:44:50 63 $master,240,240,1,1

encoder,9,0, 267.0
GpsData: (-6.976015, 107.630355, 687.6, 0.0, 0.0, 3, 12)
2013:06:09:16:44:50 62 $master,240,240,1,1

encoder,9,0, 268.0
GpsData: (-6.976015, 107.630355, 687.6, 0.0, 0.0, 3, 12)
2013:06:09:16:44:50 61 $master,240,240,1,1

encoder,9,0, 268.0
GpsData: (-6.976015, 107.630355, 687.6, 0.0, 0.0, 3, 12)
2013:06:09:16:44:50 60 $master,240,240,1,1

encoder,9,0, 267.0
GpsData: (-6.976015, 107.630355, 687.6, 0.0, 0.0, 3, 12)
2013:06:09:16:44:50 59 $master,240,240,1,1

encoder,9,0, 267.0
GpsData: (-6.976015, 107.630355, 687.6, 0.0, 0.0, 3, 12)
2013:06:09:16:44:51 58 $master,240,240,1,1

encoder,9,0, 266.0
GpsData: (-6.976015, 107.630355, 687.6, 0.0, 0.0, 3, 12)
2013:06:09:16:44:51 57 $master,240,240,1,1

encoder,9,0, 266.0
GpsData: (-6.976015, 107.630355, 687.6, 0.0, 0.0, 3, 12)
2013:06:09:16:44:51 56 $master,240,240,1,1

encoder,9,0, 265.0
GpsData: (-6.976015, 107.630355, 687.6, 0.0, 0.0, 3, 12)
2013:06:09:16:44:51 55 $master,240,240,1,1

encoder,9,0, 263.0
GpsData: (-6.976015, 107.630355, 687.6, 0.0, 0.0, 3, 12)
2013:06:09:16:44:51 54 $master,240,240,1,1

encoder,9,0, 264.0
GpsData: (-6.976015, 107.630355, 687.6, 0.0, 0.0, 3, 12)
2013:06:09:16:44:52 53 $master,240,240,1,1

encoder,9,0, 264.0
GpsData: (-6.976015, 107.630355, 687.6, 0.0, 0.0, 3, 12)
2013:06:09:16:44:52 52 $master,240,240,1,1

encoder,9,0, 264.0
GpsData: (-6.976015, 107.630355, 687.6, 0.0, 0.0, 3, 12)
2013:06:09:16:44:52 51 $master,240,240,1,1

encoder,9,0, 261.0
GpsData: (-6.976015, 107.630355, 687.6, 0.0, 0.0, 3, 12)
2013:06:09:16:44:52 50 $master,240,240,1,1

encoder,9,0, 261.0
GpsData: (-6.976015, 107.630355, 687.6, 0.0, 0.0, 3, 12)
2013:06:09:16:44:52 49 $master,240,240,1,1

encoder,9,0, 260.0
GpsData: (-6.976015, 107.630355, 687.6, 0.0, 0.0, 3, 12)
2013:06:09:16:44:53 48 $master,240,240,1,1

encoder,9,0, 261.0
GpsData: (-6.976015, 107.630355, 687.6, 0.0, 0.0, 3, 12)
2013:06:09:16:44:53 47 $master,240,240,1,1

encoder,9,0, 260.0
GpsData: (-6.976015, 107.630355, 687.6, 0.0, 0.0, 3, 12)
2013:06:09:16:44:53 46 $master,240,240,1,1

encoder,9,0, 260.0
GpsData: (-6.976015, 107.630355, 687.6, 0.0, 0.0, 3, 12)
2013:06:09:16:44:53 45 $master,240,240,1,1

encoder,9,0, 259.0
GpsData: (-6.976015, 107.630355, 687.6, 0.0, 0.0, 3, 12)
2013:06:09:16:44:53 44 $master,240,240,1,1

encoder,9,0, 259.0
GpsData: (-6.976015, 107.630355, 687.6, 0.0, 0.0, 3, 12)
2013:06:09:16:44:54 43 $master,240,240,1,1

encoder,9,0, 258.0
GpsData: (-6.976015, 107.630355, 687.6, 0.0, 0.0, 3, 12)
2013:06:09:16:44:54 42 $master,240,240,1,1

encoder,9,0, 257.0
GpsData: (-6.976015, 107.630355, 687.6, 0.0, 0.0, 3, 12)
2013:06:09:16:44:54 41 $master,240,240,1,1

encoder,9,0, 257.0
GpsData: (-6.976015, 107.630355, 687.6, 0.0, 0.0, 3, 12)
2013:06:09:16:44:54 40 $master,240,240,1,1

encoder,9,0, 256.0
GpsData: (-6.976015, 107.630355, 687.6, 0.0, 0.0, 3, 12)
2013:06:09:16:44:54 39 $master,240,240,1,1

encoder,9,0, 258.0
GpsData: (-6.976015, 107.630355, 687.6, 0.0, 0.0, 3, 12)
2013:06:09:16:44:55 38 $master,240,240,1,1

encoder,9,0, 256.0
GpsData: (-6.976015, 107.630355, 687.6, 0.0, 0.0, 3, 12)
2013:06:09:16:44:55 37 $master,240,240,1,1

encoder,9,0, 255.0
GpsData: (-6.976015, 107.630355, 687.6, 0.0, 0.0, 3, 12)
2013:06:09:16:44:55 36 $master,240,240,1,1

encoder,9,0, 252.0
GpsData: (-6.976015, 107.630355, 687.6, 0.0, 0.0, 3, 12)
2013:06:09:16:44:55 35 $master,240,240,1,1

encoder,9,0, 252.0
GpsData: (-6.976015, 107.630355, 687.6, 0.0, 0.0, 3, 12)
2013:06:09:16:44:55 34 $master,240,240,1,1

encoder,9,0, 252.0
GpsData: (-6.976015, 107.630355, 687.6, 0.0, 0.0, 3, 12)
2013:06:09:16:44:56 33 $master,240,240,1,1

encoder,9,0, 252.0
GpsData: (-6.976015, 107.630355, 687.6, 0.0, 0.0, 3, 12)
2013:06:09:16:44:56 32 $master,240,240,1,1

encoder,9,0, 253.0
GpsData: (-6.976015, 107.630355, 687.6, 0.0, 0.0, 3, 12)
2013:06:09:16:44:56 31 $master,240,240,1,1

encoder,9,0, 250.0
GpsData: (-6.976015, 107.630355, 687.6, 0.0, 0.0, 3, 12)
2013:06:09:16:44:56 30 $master,240,240,1,1

encoder,9,0, 250.0
GpsData: (-6.976015, 107.630355, 687.6, 0.0, 0.0, 3, 12)
2013:06:09:16:44:56 29 $master,240,240,1,1

encoder,9,0, 250.0
GpsData: (-6.976015, 107.630355, 687.6, 0.0, 0.0, 3, 12)
2013:06:09:16:44:57 28 $master,240,240,1,1

encoder,9,0, 250.0
GpsData: (-6.976015, 107.630355, 687.6, 0.0, 0.0, 3, 12)
2013:06:09:16:44:57 27 $master,240,240,1,1

encoder,9,0, 250.0
GpsData: (-6.976015, 107.630355, 687.6, 0.0, 0.0, 3, 12)
2013:06:09:16:44:57 26 $master,240,240,1,1

encoder,9,0, 251.0
GpsData: (-6.976015, 107.630355, 687.6, 0.0, 0.0, 3, 12)
2013:06:09:16:44:57 25 $master,240,240,1,1

encoder,9,0, 250.0
GpsData: (-6.976015, 107.630355, 687.6, 0.0, 0.0, 3, 12)
2013:06:09:16:44:57 24 $master,240,240,1,1

encoder,9,0, 250.0
GpsData: (-6.976015, 107.630355, 687.6, 0.0, 0.0, 3, 12)
2013:06:09:16:44:58 23 $master,240,240,1,1

encoder,9,0, 250.0
GpsData: (-6.976015, 107.630355, 687.6, 0.0, 0.0, 3, 12)
2013:06:09:16:44:58 22 $master,240,240,1,1

encoder,9,0, 250.0
GpsData: (-6.976015, 107.630355, 687.6, 0.0, 0.0, 3, 12)
2013:06:09:16:44:58 21 $master,240,240,1,1

encoder,9,0, 249.0
GpsData: (-6.976015, 107.630355, 687.6, 0.0, 0.0, 3, 12)
2013:06:09:16:44:58 20 $master,240,240,1,1

encoder,9,0, 251.0
GpsData: (-6.976015, 107.630355, 687.6, 0.0, 0.0, 3, 12)
2013:06:09:16:44:58 19 $master,240,240,1,1

encoder,9,0, 251.0
GpsData: (-6.976015, 107.630355, 687.6, 0.0, 0.0, 3, 12)
2013:06:09:16:44:59 18 $master,240,240,1,1

encoder,9,0, 249.0
GpsData: (-6.976015, 107.630355, 687.6, 0.0, 0.0, 3, 12)
2013:06:09:16:44:59 17 $master,240,240,1,1

encoder,9,0, 248.0
GpsData: (-6.976015, 107.630355, 687.6, 0.0, 0.0, 3, 12)
2013:06:09:16:44:59 16 $master,240,240,1,1

encoder,9,0, 245.0
GpsData: (-6.976015, 107.630355, 687.6, 0.0, 0.0, 3, 12)
2013:06:09:16:44:59 15 $master,240,240,1,1

encoder,9,0, 246.0
GpsData: (-6.976015, 107.630355, 687.6, 0.0, 0.0, 3, 12)
2013:06:09:16:44:59 14 $master,240,240,1,1

encoder,9,0, 247.0
GpsData: (-6.976015, 107.630355, 687.6, 0.0, 0.0, 3, 12)
2013:06:09:16:45:00 13 $master,240,240,1,1

encoder,9,0, 247.0
GpsData: (-6.976015, 107.630355, 687.6, 0.0, 0.0, 3, 12)
2013:06:09:16:45:00 12 $master,240,240,1,1

encoder,9,0, 245.0
GpsData: (-6.976015, 107.630355, 687.6, 0.0, 0.0, 3, 12)
2013:06:09:16:45:00 11 $master,240,240,1,1

encoder,9,0, 244.0
GpsData: (-6.976015, 107.630355, 687.6, 0.0, 0.0, 3, 12)
2013:06:09:16:45:00 10 $master,240,240,1,1

encoder,9,0, 242.0
GpsData: (-6.976015, 107.630355, 687.6, 0.0, 0.0, 3, 12)
2013:06:09:16:45:00 9 $master,240,240,1,1

encoder,9,0, 243.0
GpsData: (-6.976015, 107.630355, 687.6, 0.0, 0.0, 3, 12)
2013:06:09:16:45:01 8 $master,240,240,1,1

encoder,9,0, 243.0
GpsData: (-6.976015, 107.630355, 687.6, 0.0, 0.0, 3, 12)
2013:06:09:16:45:01 7 $master,240,240,1,1

encoder,9,0, 243.0
GpsData: (-6.976015, 107.630355, 687.6, 0.0, 0.0, 3, 12)
2013:06:09:16:45:01 6 $master,240,240,1,1

encoder,9,0, 243.0
GpsData: (-6.976015, 107.630355, 687.6, 0.0, 0.0, 3, 12)
2013:06:09:16:45:01 5 $master,240,240,1,1

encoder,9,0, 242.0
GpsData: (-6.976015, 107.630355, 687.6, 0.0, 0.0, 3, 12)
2013:06:09:16:45:01 4 $master,240,240,1,1

encoder,9,0, 241.0
GpsData: (-6.976015, 107.630355, 687.6, 0.0, 0.0, 3, 12)
2013:06:09:16:45:02 3 $master,240,240,1,1

encoder,9,0, 241.0
GpsData: (-6.976015, 107.630355, 687.6, 0.0, 0.0, 3, 12)
2013:06:09:16:45:02 2 $master,240,240,1,1

encoder,9,0, 241.0
GpsData: (-6.976015, 107.630355, 687.6, 0.0, 0.0, 3, 12)
2013:06:09:16:45:02 1 $master,240,240,1,1

