Tes Magnetometer
(41.0, 23.0) (336.0, -63.0, 590.0)
(41.0, 5.0) (337.0, -65.0, 591.0)
(41.0, 36.0) (338.0, -62.0, 593.0)
(41.0, 27.0) (338.0, -63.0, 590.0)
(41.0, 25.0) (337.0, -63.0, 590.0)
(41.0, 20.0) (340.0, -64.0, 591.0)
(40.0, 53.0) (336.0, -66.0, 592.0)
(41.0, 27.0) (338.0, -63.0, 592.0)
(41.0, 28.0) (339.0, -63.0, 592.0)
(41.0, 25.0) (337.0, -63.0, 590.0)
(40.0, 59.0) (339.0, -66.0, 591.0)
(41.0, 28.0) (339.0, -63.0, 591.0)
(41.0, 17.0) (338.0, -64.0, 589.0)
(41.0, 51.0) (341.0, -61.0, 592.0)
(41.0, 28.0) (339.0, -63.0, 591.0)
(41.0, 23.0) (336.0, -63.0, 590.0)
(41.0, 9.0) (339.0, -65.0, 591.0)
(41.0, 24.0) (342.0, -64.0, 590.0)
(41.0, 28.0) (339.0, -63.0, 592.0)
(41.0, 42.0) (341.0, -62.0, 592.0)
(41.0, 28.0) (339.0, -63.0, 593.0)
(41.0, 28.0) (339.0, -63.0, 589.0)
(41.0, 38.0) (339.0, -63.0, 591.0)
(40.0, 55.0) (337.0, -66.0, 590.0)
(41.0, 28.0) (339.0, -63.0, 590.0)
(41.0, 27.0) (338.0, -63.0, 591.0)
(41.0, 25.0) (337.0, -63.0, 590.0)
(41.0, 41.0) (335.0, -61.0, 592.0)
(41.0, 25.0) (337.0, -63.0, 593.0)
(41.0, 25.0) (337.0, -63.0, 589.0)
(41.0, 35.0) (337.0, -62.0, 592.0)
(41.0, 9.0) (339.0, -65.0, 589.0)
(41.0, 28.0) (339.0, -63.0, 592.0)
(41.0, 11.0) (335.0, -64.0, 592.0)
(41.0, 48.0) (339.0, -61.0, 589.0)
(41.0, 27.0) (338.0, -63.0, 588.0)
(41.0, 48.0) (339.0, -61.0, 590.0)
(42.0, 54.0) (337.0, -54.0, 591.0)
(44.0, 1.0) (335.0, -47.0, 592.0)
(44.0, 39.0) (333.0, -43.0, 589.0)
(47.0, 9.0) (330.0, -28.0, 593.0)
(47.0, 59.0) (328.0, -23.0, 596.0)
(49.0, 11.0) (325.0, -16.0, 592.0)
(50.0, 46.0) (323.0, -7.0, 597.0)
(52.0, 32.0) (318.0, 3.0, 598.0)
(53.0, 27.0) (316.0, 8.0, 601.0)
(54.0, 56.0) (313.0, 16.0, 601.0)
(56.0, 29.0) (306.0, 24.0, 602.0)
(57.0, 47.0) (306.0, 31.0, 600.0)
(60.0, 8.0) (301.0, 43.0, 603.0)
(61.0, 5.0) (300.0, 48.0, 604.0)
(63.0, 41.0) (290.0, 60.0, 604.0)
(64.0, 35.0) (291.0, 65.0, 606.0)
(65.0, 48.0) (285.0, 70.0, 609.0)
(68.0, 7.0) (277.0, 80.0, 609.0)
(69.0, 26.0) (274.0, 86.0, 608.0)
(71.0, 47.0) (267.0, 96.0, 609.0)
(72.0, 52.0) (265.0, 101.0, 611.0)
(75.0, 31.0) (255.0, 111.0, 610.0)
(78.0, 17.0) (245.0, 121.0, 613.0)
(79.0, 37.0) (239.0, 125.0, 613.0)
(81.0, 43.0) (233.0, 133.0, 615.0)
(82.0, 20.0) (229.0, 134.0, 614.0)
(84.0, 32.0) (221.0, 141.0, 615.0)
(85.0, 45.0) (217.0, 145.0, 616.0)
(88.0, 58.0) (206.0, 155.0, 618.0)
(91.0, 31.0) (200.0, 165.0, 619.0)
(93.0, 1.0) (192.0, 167.0, 621.0)
(96.0, 31.0) (180.0, 177.0, 621.0)
(97.0, 10.0) (176.0, 177.0, 624.0)
(99.0, 8.0) (168.0, 181.0, 625.0)
(102.0, 6.0) (158.0, 189.0, 627.0)
(104.0, 40.0) (148.0, 194.0, 627.0)
(109.0, 2.0) (131.0, 202.0, 630.0)
(111.0, 12.0) (121.0, 203.0, 629.0)
(114.0, 8.0) (110.0, 208.0, 630.0)
(115.0, 59.0) (104.0, 213.0, 631.0)
(119.0, 50.0) (88.0, 216.0, 630.0)
(124.0, 25.0) (70.0, 221.0, 634.0)
(126.0, 17.0) (63.0, 224.0, 639.0)
(132.0, 0.0) (40.0, 227.0, 637.0)
(134.0, 3.0) (32.0, 229.0, 639.0)
(134.0, 54.0) (29.0, 233.0, 639.0)
(137.0, 33.0) (18.0, 231.0, 640.0)
(137.0, 33.0) (18.0, 231.0, 640.0)
(146.0, 11.0) (-17.0, 232.0, 642.0)
(149.0, 2.0) (-29.0, 235.0, 644.0)
(151.0, 52.0) (-40.0, 230.0, 646.0)
(152.0, 27.0) (-43.0, 233.0, 645.0)
(154.0, 29.0) (-52.0, 235.0, 644.0)
(156.0, 20.0) (-59.0, 231.0, 646.0)
(161.0, 16.0) (-79.0, 226.0, 649.0)
(164.0, 25.0) (-92.0, 223.0, 648.0)
(166.0, 9.0) (-100.0, 223.0, 650.0)
(168.0, 53.0) (-111.0, 219.0, 649.0)
(171.0, 2.0) (-121.0, 218.0, 649.0)
(173.0, 28.0) (-131.0, 214.0, 650.0)
(174.0, 22.0) (-135.0, 213.0, 650.0)
(174.0, 22.0) (-135.0, 213.0, 650.0)
(178.0, 36.0) (-153.0, 206.0, 651.0)
(180.0, 17.0) (-161.0, 204.0, 650.0)
(184.0, 14.0) (-177.0, 195.0, 653.0)
(185.0, 57.0) (-186.0, 193.0, 651.0)
(191.0, 9.0) (-207.0, 179.0, 650.0)
(192.0, 7.0) (-213.0, 178.0, 652.0)
(192.0, 7.0) (-213.0, 178.0, 652.0)
(194.0, 18.0) (-220.0, 170.0, 650.0)
(194.0, 58.0) (-224.0, 169.0, 651.0)
(195.0, 59.0) (-227.0, 165.0, 651.0)
(196.0, 16.0) (-228.0, 164.0, 653.0)
(197.0, 7.0) (-231.0, 161.0, 651.0)
(196.0, 38.0) (-231.0, 164.0, 650.0)
(197.0, 32.0) (-236.0, 162.0, 651.0)
(197.0, 45.0) (-235.0, 160.0, 653.0)
(198.0, 15.0) (-238.0, 159.0, 650.0)
(203.0, 26.0) (-259.0, 141.0, 651.0)
(206.0, 7.0) (-268.0, 130.0, 650.0)
(210.0, 43.0) (-285.0, 111.0, 652.0)
(213.0, 13.0) (-297.0, 101.0, 650.0)
(216.0, 49.0) (-306.0, 83.0, 649.0)
(220.0, 27.0) (-318.0, 65.0, 649.0)
(221.0, 2.0) (-320.0, 62.0, 650.0)
(224.0, 1.0) (-328.0, 46.0, 651.0)
(225.0, 9.0) (-333.0, 40.0, 649.0)
(226.0, 57.0) (-339.0, 30.0, 648.0)
(227.0, 17.0) (-341.0, 19.0, 649.0)
(228.0, 29.0) (-342.0, 21.0, 649.0)
(230.0, 10.0) (-345.0, 11.0, 648.0)
(230.0, 51.0) (-347.0, 7.0, 648.0)
(232.0, 10.0) (-348.0, -1.0, 646.0)
(232.0, 30.0) (-348.0, -3.0, 646.0)
(233.0, 8.0) (-353.0, -7.0, 643.0)
(234.0, 17.0) (-355.0, -20.0, 643.0)
(235.0, 43.0) (-354.0, -23.0, 643.0)
(238.0, 17.0) (-363.0, -40.0, 642.0)
(240.0, 1.0) (-362.0, -51.0, 641.0)
(241.0, 22.0) (-364.0, -60.0, 642.0)
(241.0, 57.0) (-365.0, -64.0, 641.0)
(242.0, 55.0) (-368.0, -71.0, 640.0)
(243.0, 37.0) (-365.0, -75.0, 639.0)
(245.0, 36.0) (-368.0, -89.0, 640.0)
(247.0, 10.0) (-369.0, -100.0, 638.0)
(248.0, 3.0) (-365.0, -105.0, 637.0)
(249.0, 13.0) (-368.0, -114.0, 636.0)
(250.0, 4.0) (-368.0, -120.0, 636.0)
(251.0, 50.0) (-366.0, -132.0, 634.0)
(252.0, 25.0) (-368.0, -137.0, 633.0)
(253.0, 48.0) (-365.0, -146.0, 632.0)
(254.0, 57.0) (-366.0, -155.0, 632.0)
(255.0, 52.0) (-364.0, -161.0, 631.0)
(257.0, 29.0) (-365.0, -174.0, 632.0)
(257.0, 56.0) (-362.0, -176.0, 628.0)
(258.0, 4.0) (-364.0, -178.0, 630.0)
(258.0, 49.0) (-360.0, -182.0, 628.0)
(258.0, 23.0) (-363.0, -180.0, 628.0)
(258.0, 41.0) (-362.0, -182.0, 629.0)
(258.0, 57.0) (-362.0, -184.0, 629.0)
(260.0, 27.0) (-360.0, -195.0, 627.0)
(261.0, 23.0) (-357.0, -201.0, 627.0)
(261.0, 23.0) (-357.0, -201.0, 627.0)
(264.0, 33.0) (-351.0, -224.0, 622.0)
(265.0, 48.0) (-348.0, -233.0, 624.0)
(267.0, 16.0) (-345.0, -244.0, 621.0)
(268.0, 24.0) (-339.0, -250.0, 620.0)
(269.0, 33.0) (-337.0, -259.0, 620.0)
(270.0, 45.0) (-334.0, -268.0, 620.0)
(270.0, 45.0) (-334.0, -268.0, 620.0)
(273.0, 31.0) (-322.0, -285.0, 618.0)
(274.0, 5.0) (-319.0, -288.0, 615.0)
(275.0, 19.0) (-316.0, -298.0, 615.0)
(275.0, 53.0) (-314.0, -302.0, 614.0)
(277.0, 28.0) (-307.0, -312.0, 610.0)
(278.0, 39.0) (-302.0, -320.0, 613.0)
(278.0, 39.0) (-302.0, -320.0, 613.0)
(281.0, 52.0) (-285.0, -338.0, 610.0)
(281.0, 51.0) (-286.0, -339.0, 610.0)
(282.0, 43.0) (-283.0, -346.0, 608.0)
(283.0, 48.0) (-277.0, -352.0, 609.0)
(285.0, 14.0) (-269.0, -360.0, 604.0)
(285.0, 52.0) (-265.0, -363.0, 605.0)
(285.0, 52.0) (-265.0, -363.0, 605.0)
(288.0, 52.0) (-246.0, -377.0, 602.0)
(289.0, 5.0) (-246.0, -380.0, 604.0)
(290.0, 31.0) (-237.0, -387.0, 603.0)
(290.0, 60.0) (-235.0, -391.0, 601.0)
(293.0, 2.0) (-222.0, -401.0, 601.0)
(293.0, 46.0) (-217.0, -404.0, 599.0)
(295.0, 23.0) (-206.0, -411.0, 596.0)
(296.0, 16.0) (-200.0, -415.0, 597.0)
(296.0, 56.0) (-195.0, -417.0, 598.0)
(297.0, 55.0) (-189.0, -423.0, 594.0)
(298.0, 28.0) (-186.0, -427.0, 594.0)
(300.0, 5.0) (-175.0, -435.0, 596.0)
(301.0, 3.0) (-162.0, -438.0, 596.0)
(301.0, 44.0) (-161.0, -436.0, 592.0)
(303.0, 32.0) (-147.0, -440.0, 594.0)
(304.0, 23.0) (-142.0, -447.0, 592.0)
(305.0, 44.0) (-131.0, -449.0, 590.0)
(306.0, 8.0) (-127.0, -447.0, 590.0)
(306.0, 56.0) (-122.0, -453.0, 591.0)
(307.0, 5.0) (-118.0, -453.0, 589.0)
(308.0, 17.0) (-112.0, -459.0, 590.0)
(308.0, 60.0) (-106.0, -459.0, 587.0)
(309.0, 21.0) (-103.0, -459.0, 585.0)
(310.0, 6.0) (-97.0, -460.0, 587.0)
(310.0, 46.0) (-92.0, -463.0, 588.0)
(312.0, 23.0) (-79.0, -466.0, 586.0)
(313.0, 56.0) (-66.0, -466.0, 588.0)
(314.0, 57.0) (-58.0, -469.0, 586.0)
(315.0, 54.0) (-50.0, -468.0, 582.0)
(316.0, 3.0) (-49.0, -470.0, 582.0)
(316.0, 33.0) (-45.0, -472.0, 582.0)
(317.0, 23.0) (-38.0, -471.0, 581.0)
(318.0, 29.0) (-29.0, -473.0, 581.0)
(318.0, 44.0) (-27.0, -472.0, 581.0)
(319.0, 41.0) (-19.0, -470.0, 582.0)
(321.0, 16.0) (-6.0, -472.0, 581.0)
(322.0, 29.0) (4.0, -475.0, 581.0)
(323.0, 41.0) (14.0, -475.0, 580.0)
(324.0, 33.0) (21.0, -470.0, 579.0)
(324.0, 33.0) (21.0, -470.0, 579.0)
(326.0, 14.0) (35.0, -472.0, 578.0)
(326.0, 51.0) (40.0, -471.0, 579.0)
(328.0, 14.0) (51.0, -467.0, 578.0)
(328.0, 26.0) (53.0, -470.0, 577.0)
(329.0, 9.0) (59.0, -470.0, 581.0)
(329.0, 42.0) (63.0, -466.0, 576.0)
(330.0, 47.0) (72.0, -466.0, 576.0)
(331.0, 23.0) (77.0, -466.0, 576.0)
(331.0, 59.0) (82.0, -466.0, 576.0)
(332.0, 40.0) (87.0, -462.0, 577.0)
(333.0, 0.0) (90.0, -463.0, 577.0)
(334.0, 37.0) (103.0, -460.0, 573.0)
(335.0, 37.0) (111.0, -458.0, 575.0)
(337.0, 10.0) (122.0, -450.0, 577.0)
(338.0, 38.0) (133.0, -445.0, 573.0)
(338.0, 57.0) (136.0, -446.0, 577.0)
(340.0, 7.0) (145.0, -443.0, 572.0)
(340.0, 38.0) (148.0, -439.0, 576.0)
(341.0, 36.0) (156.0, -438.0, 573.0)
(341.0, 55.0) (158.0, -436.0, 575.0)
(343.0, 4.0) (166.0, -431.0, 576.0)
(343.0, 52.0) (173.0, -431.0, 575.0)
(344.0, 34.0) (177.0, -426.0, 576.0)
(345.0, 36.0) (184.0, -421.0, 575.0)
(346.0, 0.0) (187.0, -420.0, 572.0)
(347.0, 7.0) (195.0, -416.0, 573.0)
(347.0, 53.0) (202.0, -408.0, 574.0)
(348.0, 41.0) (205.0, -408.0, 569.0)
(349.0, 38.0) (210.0, -401.0, 573.0)
(350.0, 2.0) (213.0, -400.0, 572.0)
(351.0, 19.0) (223.0, -397.0, 573.0)
(351.0, 55.0) (225.0, -391.0, 573.0)
(353.0, 42.0) (236.0, -382.0, 574.0)
(353.0, 42.0) (236.0, -382.0, 571.0)
(355.0, 3.0) (244.0, -375.0, 571.0)
(356.0, 18.0) (251.0, -368.0, 571.0)
(356.0, 57.0) (253.0, -362.0, 573.0)
(358.0, 7.0) (259.0, -355.0, 577.0)
(359.0, 14.0) (266.0, -350.0, 573.0)
(0.0, 10.0) (272.0, -346.0, 572.0)
(1.0, 2.0) (274.0, -338.0, 573.0)
(2.0, 26.0) (282.0, -331.0, 574.0)
(2.0, 52.0) (283.0, -327.0, 573.0)
(3.0, 48.0) (287.0, -321.0, 575.0)
(4.0, 55.0) (291.0, -313.0, 574.0)
(5.0, 46.0) (297.0, -310.0, 575.0)
(6.0, 26.0) (298.0, -304.0, 570.0)
(7.0, 29.0) (302.0, -297.0, 573.0)
(8.0, 3.0) (304.0, -293.0, 574.0)
(9.0, 1.0) (308.0, -287.0, 573.0)
(10.0, 12.0) (311.0, -278.0, 577.0)
(11.0, 60.0) (317.0, -266.0, 576.0)
(13.0, 19.0) (321.0, -257.0, 577.0)
(14.0, 51.0) (326.0, -247.0, 578.0)
(16.0, 14.0) (329.0, -237.0, 578.0)
(16.0, 16.0) (328.0, -236.0, 578.0)
(17.0, 31.0) (332.0, -228.0, 578.0)
(18.0, 4.0) (333.0, -224.0, 577.0)
(20.0, 4.0) (337.0, -210.0, 578.0)
(20.0, 29.0) (336.0, -206.0, 579.0)
(21.0, 38.0) (338.0, -198.0, 580.0)
(23.0, 4.0) (340.0, -188.0, 578.0)
(23.0, 35.0) (342.0, -185.0, 580.0)
(24.0, 22.0) (340.0, -178.0, 580.0)
(24.0, 42.0) (341.0, -176.0, 581.0)
(26.0, 19.0) (343.0, -165.0, 583.0)
(27.0, 41.0) (343.0, -155.0, 584.0)
(28.0, 19.0) (342.0, -150.0, 581.0)
(30.0, 7.0) (346.0, -139.0, 582.0)
(30.0, 58.0) (346.0, -133.0, 582.0)
(32.0, 25.0) (343.0, -122.0, 582.0)
(33.0, 40.0) (347.0, -115.0, 585.0)
(33.0, 40.0) (347.0, -115.0, 585.0)
(35.0, 5.0) (342.0, -104.0, 586.0)
(35.0, 30.0) (341.0, -101.0, 586.0)
(36.0, 13.0) (343.0, -97.0, 586.0)
(36.0, 29.0) (342.0, -95.0, 583.0)
(37.0, 44.0) (346.0, -88.0, 587.0)
(38.0, 7.0) (340.0, -84.0, 587.0)
(38.0, 7.0) (340.0, -84.0, 587.0)
(41.0, 9.0) (339.0, -65.0, 591.0)
(41.0, 20.0) (340.0, -64.0, 591.0)
(42.0, 8.0) (339.0, -59.0, 590.0)
(42.0, 14.0) (337.0, -58.0, 591.0)
(43.0, 14.0) (337.0, -52.0, 592.0)
(43.0, 26.0) (332.0, -50.0, 594.0)
(44.0, 4.0) (337.0, -47.0, 591.0)
(43.0, 51.0) (335.0, -48.0, 592.0)
(44.0, 20.0) (334.0, -45.0, 592.0)
(43.0, 49.0) (334.0, -48.0, 591.0)
(44.0, 11.0) (335.0, -46.0, 592.0)
(44.0, 22.0) (336.0, -45.0, 592.0)
(43.0, 35.0) (338.0, -50.0, 592.0)
(44.0, 6.0) (339.0, -47.0, 591.0)
(44.0, 11.0) (335.0, -46.0, 592.0)
(43.0, 52.0) (336.0, -48.0, 592.0)
(43.0, 34.0) (337.0, -50.0, 590.0)
(44.0, 21.0) (335.0, -45.0, 591.0)
(44.0, 6.0) (339.0, -47.0, 592.0)
(43.0, 52.0) (336.0, -48.0, 592.0)
(44.0, 2.0) (336.0, -47.0, 592.0)
(44.0, 1.0) (335.0, -47.0, 591.0)
(43.0, 51.0) (335.0, -48.0, 590.0)
(43.0, 55.0) (338.0, -48.0, 591.0)
(43.0, 29.0) (334.0, -50.0, 592.0)
(44.0, 1.0) (335.0, -47.0, 590.0)
(44.0, 20.0) (334.0, -45.0, 593.0)
(44.0, 2.0) (336.0, -47.0, 592.0)
(44.0, 2.0) (336.0, -47.0, 593.0)
(44.0, 1.0) (335.0, -47.0, 592.0)
(44.0, 4.0) (337.0, -47.0, 592.0)
