Tes Magnetometer
(80.0, 58.0) (-265.0, 129.0, 650.0)
(214.0, 16.0) (-294.0, 94.0, 651.0)
(229.0, 18.0) (-339.0, 16.0, 644.0)
(235.0, 24.0) (-353.0, -21.0, 644.0)
(247.0, 13.0) (-364.0, -99.0, 636.0)
(252.0, 48.0) (-366.0, -139.0, 632.0)
(263.0, 28.0) (-348.0, -213.0, 624.0)
(274.0, 32.0) (-315.0, -289.0, 615.0)
(279.0, 36.0) (-294.0, -322.0, 611.0)
(289.0, 58.0) (-239.0, -382.0, 601.0)
(294.0, 49.0) (-208.0, -405.0, 596.0)
(305.0, 31.0) (-132.0, -446.0, 590.0)
(311.0, 2.0) (-89.0, -459.0, 586.0)
(311.0, 2.0) (-89.0, -459.0, 586.0)
(332.0, 5.0) (83.0, -467.0, 575.0)
(337.0, 4.0) (122.0, -453.0, 575.0)
(346.0, 27.0) (191.0, -420.0, 574.0)
(351.0, 53.0) (227.0, -395.0, 575.0)
(2.0, 1.0) (283.0, -337.0, 575.0)
(7.0, 17.0) (305.0, -302.0, 578.0)
(18.0, 37.0) (340.0, -224.0, 581.0)
(30.0, 22.0) (353.0, -140.0, 585.0)
(36.0, 51.0) (351.0, -95.0, 586.0)
(51.0, 18.0) (327.0, -4.0, 597.0)
(59.0, 25.0) (307.0, 40.0, 599.0)
(76.0, 20.0) (252.0, 114.0, 609.0)
(85.0, 41.0) (185.0, 176.0, 617.0)
(106.0, 3.0) (145.0, 200.0, 623.0)
(126.0, 25.0) (63.0, 226.0, 632.0)
(138.0, 16.0) (15.0, 230.0, 636.0)
(159.0, 27.0) (-72.0, 229.0, 642.0)
(168.0, 59.0) (-112.0, 220.0, 640.0)
(185.0, 46.0) (-182.0, 190.0, 649.0)
(193.0, 15.0) (-213.0, 171.0, 647.0)
(206.0, 18.0) (-266.0, 128.0, 647.0)
(218.0, 45.0) (-310.0, 73.0, 645.0)
(225.0, 57.0) (-330.0, 35.0, 643.0)
(240.0, 44.0) (-358.0, -55.0, 637.0)
(247.0, 50.0) (-363.0, -103.0, 631.0)
(262.0, 25.0) (-351.0, -206.0, 623.0)
(275.0, 30.0) (-312.0, -296.0, 613.0)
(281.0, 21.0) (-286.0, -333.0, 609.0)
(292.0, 36.0) (-222.0, -394.0, 599.0)
(297.0, 55.0) (-186.0, -416.0, 597.0)
(309.0, 31.0) (-100.0, -452.0, 588.0)
(314.0, 47.0) (-59.0, -466.0, 583.0)
(314.0, 47.0) (-59.0, -466.0, 583.0)
(336.0, 2.0) (114.0, -456.0, 575.0)
(340.0, 35.0) (149.0, -443.0, 576.0)
(350.0, 45.0) (220.0, -401.0, 574.0)
(355.0, 41.0) (250.0, -375.0, 575.0)
(5.0, 52.0) (299.0, -311.0, 575.0)
(11.0, 15.0) (318.0, -274.0, 576.0)
(21.0, 48.0) (347.0, -202.0, 579.0)
(32.0, 44.0) (352.0, -123.0, 585.0)
(38.0, 30.0) (350.0, -84.0, 585.0)
(51.0, 39.0) (330.0, -2.0, 596.0)
(58.0, 16.0) (310.0, 34.0, 598.0)
(71.0, 30.0) (271.0, 96.0, 606.0)
(78.0, 6.0) (216.0, 149.0, 615.0)
(94.0, 45.0) (185.0, 171.0, 619.0)
(112.0, 33.0) (118.0, 209.0, 627.0)
(122.0, 15.0) (79.0, 220.0, 629.0)
(140.0, 31.0) (6.0, 233.0, 636.0)
(150.0, 27.0) (-34.0, 229.0, 638.0)
(169.0, 36.0) (-115.0, 220.0, 643.0)
(178.0, 31.0) (-151.0, 204.0, 645.0)
(196.0, 0.0) (-223.0, 162.0, 647.0)
(211.0, 15.0) (-285.0, 108.0, 646.0)
(218.0, 37.0) (-307.0, 73.0, 642.0)
(233.0, 38.0) (-350.0, -10.0, 641.0)
(240.0, 40.0) (-361.0, -55.0, 637.0)
(240.0, 40.0) (-361.0, -55.0, 637.0)
(266.0, 60.0) (-340.0, -238.0, 616.0)
(272.0, 48.0) (-322.0, -278.0, 614.0)
(283.0, 55.0) (-272.0, -347.0, 607.0)
(288.0, 55.0) (-243.0, -373.0, 604.0)
(299.0, 15.0) (-177.0, -422.0, 596.0)
(304.0, 2.0) (-143.0, -441.0, 591.0)
(314.0, 11.0) (-64.0, -466.0, 586.0)
(324.0, 19.0) (19.0, -468.0, 582.0)
(329.0, 34.0) (62.0, -467.0, 581.0)
(339.0, 7.0) (138.0, -448.0, 580.0)
(344.0, 2.0) (174.0, -430.0, 578.0)
(354.0, 9.0) (242.0, -385.0, 577.0)
(358.0, 54.0) (268.0, -357.0, 577.0)
(9.0, 40.0) (315.0, -287.0, 581.0)
(21.0, 20.0) (349.0, -207.0, 582.0)
(27.0, 54.0) (351.0, -157.0, 585.0)
(38.0, 56.0) (349.0, -81.0, 588.0)
(44.0, 50.0) (342.0, -43.0, 591.0)
(55.0, 23.0) (322.0, 19.0, 597.0)
(60.0, 57.0) (288.0, 75.0, 602.0)
(72.0, 19.0) (270.0, 100.0, 606.0)
(87.0, 26.0) (215.0, 153.0, 614.0)
(96.0, 2.0) (181.0, 175.0, 616.0)
(114.0, 54.0) (109.0, 213.0, 626.0)
(123.0, 29.0) (75.0, 224.0, 628.0)
(143.0, 29.0) (-6.0, 233.0, 635.0)
(152.0, 1.0) (-41.0, 232.0, 637.0)
(171.0, 14.0) (-122.0, 218.0, 641.0)
(191.0, 55.0) (-208.0, 175.0, 645.0)
(200.0, 19.0) (-243.0, 150.0, 644.0)
(217.0, 34.0) (-307.0, 79.0, 641.0)
(225.0, 26.0) (-330.0, 38.0, 638.0)
(240.0, 13.0) (-360.0, -52.0, 632.0)
(252.0, 27.0) (-362.0, -135.0, 625.0)
(258.0, 42.0) (-356.0, -179.0, 623.0)
(270.0, 20.0) (-330.0, -261.0, 615.0)
(276.0, 3.0) (-306.0, -296.0, 615.0)
(286.0, 2.0) (-259.0, -357.0, 606.0)
(290.0, 50.0) (-231.0, -382.0, 604.0)
(290.0, 50.0) (-231.0, -382.0, 604.0)
(307.0, 54.0) (-113.0, -450.0, 591.0)
(312.0, 54.0) (-74.0, -462.0, 591.0)
(321.0, 24.0) (-5.0, -472.0, 585.0)
(325.0, 53.0) (32.0, -471.0, 581.0)
(335.0, 44.0) (111.0, -454.0, 581.0)
(341.0, 22.0) (155.0, -441.0, 580.0)
(352.0, 34.0) (231.0, -391.0, 580.0)
(4.0, 13.0) (294.0, -324.0, 581.0)
(10.0, 8.0) (318.0, -285.0, 581.0)
(23.0, 11.0) (349.0, -192.0, 584.0)
(28.0, 54.0) (354.0, -151.0, 586.0)
(41.0, 44.0) (348.0, -63.0, 590.0)
(53.0, 35.0) (327.0, 9.0, 599.0)
(59.0, 17.0) (313.0, 40.0, 604.0)
(71.0, 45.0) (273.0, 98.0, 605.0)
(78.0, 28.0) (249.0, 124.0, 612.0)
(92.0, 23.0) (201.0, 171.0, 615.0)
(100.0, 42.0) (166.0, 189.0, 620.0)
(100.0, 42.0) (166.0, 189.0, 620.0)
(140.0, 33.0) (6.0, 236.0, 632.0)
(150.0, 40.0) (-36.0, 236.0, 635.0)
(171.0, 19.0) (-123.0, 219.0, 636.0)
(181.0, 43.0) (-167.0, 201.0, 639.0)
(200.0, 17.0) (-246.0, 152.0, 639.0)
(209.0, 34.0) (-281.0, 116.0, 638.0)
(209.0, 34.0) (-281.0, 116.0, 638.0)
(240.0, 15.0) (-359.0, -52.0, 631.0)
(246.0, 11.0) (-360.0, -91.0, 627.0)
(257.0, 36.0) (-357.0, -171.0, 621.0)
(262.0, 58.0) (-345.0, -207.0, 621.0)
(271.0, 59.0) (-322.0, -270.0, 615.0)
(276.0, 49.0) (-282.0, -327.0, 609.0)
(286.0, 19.0) (-255.0, -355.0, 605.0)
(294.0, 48.0) (-204.0, -397.0, 603.0)
(298.0, 46.0) (-179.0, -417.0, 599.0)
(306.0, 7.0) (-126.0, -443.0, 590.0)
(311.0, 0.0) (-88.0, -453.0, 587.0)
(319.0, 33.0) (-20.0, -468.0, 586.0)
(330.0, 4.0) (66.0, -466.0, 582.0)
(335.0, 25.0) (109.0, -457.0, 580.0)
(345.0, 22.0) (184.0, -426.0, 580.0)
(351.0, 5.0) (222.0, -399.0, 581.0)
(1.0, 26.0) (282.0, -343.0, 581.0)
(7.0, 6.0) (307.0, -306.0, 581.0)
(7.0, 6.0) (307.0, -306.0, 581.0)
(29.0, 22.0) (355.0, -148.0, 587.0)
(34.0, 41.0) (356.0, -111.0, 590.0)
(44.0, 26.0) (346.0, -46.0, 593.0)
(49.0, 58.0) (337.0, -12.0, 594.0)
(60.0, 48.0) (310.0, 48.0, 602.0)
(66.0, 5.0) (295.0, 74.0, 605.0)
(77.0, 40.0) (258.0, 124.0, 610.0)
(93.0, 46.0) (196.0, 175.0, 615.0)
(101.0, 46.0) (165.0, 195.0, 621.0)
(121.0, 40.0) (83.0, 224.0, 627.0)
(132.0, 16.0) (40.0, 233.0, 628.0)
(154.0, 29.0) (-52.0, 235.0, 633.0)
(165.0, 46.0) (-100.0, 227.0, 635.0)
