Tes Magnetometer
(62.0, 60.0) (283.0, 55.0, 608.0)
(55.0, 23.0) (304.0, 18.0, 604.0)
(42.0, 29.0) (328.0, -55.0, 597.0)
(35.0, 55.0) (333.0, -96.0, 594.0)
(25.0, 22.0) (333.0, -167.0, 592.0)
(20.0, 53.0) (328.0, -198.0, 587.0)
(10.0, 30.0) (304.0, -269.0, 586.0)
(359.0, 37.0) (262.0, -340.0, 587.0)
(354.0, 32.0) (236.0, -370.0, 586.0)
(343.0, 10.0) (165.0, -426.0, 591.0)
(337.0, 9.0) (121.0, -447.0, 591.0)
(337.0, 9.0) (121.0, -447.0, 591.0)
(312.0, 44.0) (-76.0, -466.0, 604.0)
(306.0, 43.0) (-124.0, -454.0, 605.0)
(295.0, 23.0) (-208.0, -415.0, 614.0)
(289.0, 17.0) (-246.0, -383.0, 615.0)
(278.0, 40.0) (-301.0, -319.0, 621.0)
(273.0, 58.0) (-318.0, -286.0, 628.0)
(263.0, 11.0) (-352.0, -213.0, 632.0)
(251.0, 34.0) (-363.0, -129.0, 643.0)
(245.0, 55.0) (-363.0, -90.0, 647.0)
(234.0, 19.0) (-347.0, -14.0, 650.0)
(228.0, 25.0) (-335.0, 21.0, 650.0)
(216.0, 18.0) (-299.0, 84.0, 654.0)
(209.0, 42.0) (-278.0, 114.0, 656.0)
(196.0, 0.0) (-223.0, 162.0, 658.0)
(178.0, 25.0) (-149.0, 202.0, 655.0)
(168.0, 28.0) (-108.0, 217.0, 652.0)
(147.0, 44.0) (-23.0, 229.0, 649.0)
(137.0, 10.0) (19.0, 225.0, 645.0)
(116.0, 40.0) (98.0, 207.0, 637.0)
(104.0, 59.0) (181.0, 165.0, 631.0)
(85.0, 30.0) (213.0, 141.0, 624.0)
(67.0, 5.0) (271.0, 73.0, 613.0)
(59.0, 12.0) (293.0, 37.0, 607.0)
(44.0, 25.0) (323.0, -43.0, 596.0)
(38.0, 39.0) (333.0, -79.0, 598.0)
(26.0, 42.0) (330.0, -156.0, 592.0)
(21.0, 18.0) (330.0, -196.0, 589.0)
(10.0, 54.0) (305.0, -266.0, 584.0)
(359.0, 60.0) (264.0, -338.0, 584.0)
(354.0, 54.0) (238.0, -368.0, 587.0)
(344.0, 2.0) (170.0, -420.0, 589.0)
(337.0, 40.0) (80.0, -459.0, 593.0)
(325.0, 25.0) (28.0, -470.0, 594.0)
(312.0, 50.0) (-75.0, -465.0, 604.0)
(306.0, 34.0) (-125.0, -453.0, 606.0)
(295.0, 13.0) (-208.0, -412.0, 615.0)
(289.0, 51.0) (-242.0, -385.0, 616.0)
(279.0, 1.0) (-301.0, -323.0, 627.0)
(273.0, 31.0) (-322.0, -285.0, 629.0)
(262.0, 33.0) (-349.0, -206.0, 638.0)
(250.0, 57.0) (-364.0, -125.0, 644.0)
(246.0, 36.0) (-361.0, -94.0, 646.0)
(235.0, 54.0) (-352.0, -24.0, 649.0)
(231.0, 40.0) (-342.0, 2.0, 652.0)
(222.0, 6.0) (-321.0, 56.0, 652.0)
(211.0, 49.0) (-283.0, 104.0, 658.0)
(206.0, 19.0) (-262.0, 126.0, 656.0)
(192.0, 53.0) (-209.0, 170.0, 657.0)
(185.0, 7.0) (-177.0, 189.0, 658.0)
(168.0, 15.0) (-106.0, 215.0, 656.0)
(160.0, 3.0) (-73.0, 224.0, 651.0)
(160.0, 3.0) (-73.0, 224.0, 651.0)
(114.0, 46.0) (105.0, 204.0, 638.0)
(104.0, 24.0) (144.0, 187.0, 634.0)
(86.0, 4.0) (210.0, 142.0, 624.0)
(77.0, 30.0) (239.0, 114.0, 618.0)
(62.0, 14.0) (288.0, 52.0, 613.0)
(55.0, 13.0) (302.0, 17.0, 606.0)
(55.0, 13.0) (302.0, 17.0, 606.0)
(31.0, 49.0) (332.0, -122.0, 594.0)
(26.0, 49.0) (334.0, -157.0, 591.0)
(17.0, 3.0) (319.0, -223.0, 590.0)
(13.0, 37.0) (313.0, -248.0, 589.0)
(5.0, 9.0) (284.0, -303.0, 587.0)
(1.0, 28.0) (270.0, -328.0, 585.0)
(352.0, 52.0) (226.0, -378.0, 585.0)
(343.0, 11.0) (164.0, -423.0, 591.0)
(337.0, 47.0) (125.0, -442.0, 590.0)
(326.0, 18.0) (35.0, -466.0, 597.0)
(319.0, 34.0) (-20.0, -470.0, 599.0)
(306.0, 27.0) (-126.0, -453.0, 608.0)
(300.0, 28.0) (-170.0, -431.0, 609.0)
(288.0, 2.0) (-254.0, -377.0, 620.0)
(276.0, 27.0) (-311.0, -305.0, 627.0)
(270.0, 46.0) (-330.0, -265.0, 632.0)
(258.0, 57.0) (-358.0, -182.0, 639.0)
(253.0, 35.0) (-364.0, -144.0, 645.0)
(243.0, 39.0) (-359.0, -74.0, 649.0)
(239.0, 12.0) (-356.0, -45.0, 652.0)
(229.0, 17.0) (-337.0, 16.0, 655.0)
(220.0, 37.0) (-313.0, 63.0, 658.0)
(215.0, 6.0) (-293.0, 89.0, 660.0)
(203.0, 44.0) (-251.0, 135.0, 661.0)
(197.0, 26.0) (-225.0, 155.0, 660.0)
(182.0, 42.0) (-166.0, 193.0, 660.0)
(174.0, 51.0) (-133.0, 206.0, 655.0)
(156.0, 13.0) (-57.0, 225.0, 652.0)
(133.0, 7.0) (35.0, 224.0, 646.0)
(122.0, 7.0) (77.0, 213.0, 642.0)
(100.0, 46.0) (156.0, 178.0, 633.0)
(91.0, 52.0) (188.0, 157.0, 628.0)
(75.0, 49.0) (247.0, 109.0, 617.0)
(60.0, 51.0) (289.0, 45.0, 611.0)
(53.0, 53.0) (304.0, 10.0, 605.0)
(41.0, 48.0) (328.0, -59.0, 601.0)
(36.0, 20.0) (328.0, -92.0, 598.0)
(26.0, 54.0) (331.0, -155.0, 592.0)
(21.0, 58.0) (327.0, -189.0, 592.0)
(13.0, 19.0) (311.0, -249.0, 589.0)
(4.0, 11.0) (280.0, -309.0, 587.0)
(0.0, 37.0) (266.0, -333.0, 585.0)
(352.0, 28.0) (223.0, -379.0, 588.0)
(347.0, 39.0) (193.0, -402.0, 587.0)
(339.0, 8.0) (135.0, -438.0, 589.0)
(329.0, 39.0) (62.0, -462.0, 595.0)
(323.0, 43.0) (14.0, -467.0, 597.0)
(311.0, 30.0) (-86.0, -464.0, 605.0)
(305.0, 31.0) (-132.0, -446.0, 608.0)
(294.0, 33.0) (-212.0, -408.0, 615.0)
(288.0, 33.0) (-249.0, -377.0, 620.0)
(288.0, 33.0) (-249.0, -377.0, 620.0)
(265.0, 60.0) (-341.0, -230.0, 638.0)
(260.0, 33.0) (-353.0, -192.0, 641.0)
(250.0, 57.0) (-364.0, -125.0, 644.0)
(246.0, 18.0) (-361.0, -92.0, 650.0)
(237.0, 41.0) (-352.0, -35.0, 653.0)
(233.0, 0.0) (-343.0, -6.0, 656.0)
(233.0, 0.0) (-343.0, -6.0, 656.0)
(213.0, 30.0) (-287.0, 96.0, 661.0)
(209.0, 31.0) (-273.0, 113.0, 663.0)
(199.0, 10.0) (-234.0, 151.0, 659.0)
(193.0, 26.0) (-212.0, 169.0, 661.0)
(179.0, 47.0) (-155.0, 200.0, 657.0)
(172.0, 41.0) (-124.0, 209.0, 657.0)
(155.0, 9.0) (-53.0, 227.0, 650.0)
(138.0, 11.0) (15.0, 225.0, 646.0)
(129.0, 48.0) (48.0, 222.0, 643.0)
(113.0, 32.0) (109.0, 201.0, 636.0)
(105.0, 37.0) (140.0, 190.0, 635.0)
(88.0, 33.0) (201.0, 149.0, 627.0)
(80.0, 31.0) (230.0, 125.0, 624.0)
(64.0, 15.0) (281.0, 61.0, 615.0)
(50.0, 21.0) (314.0, -9.0, 604.0)
(43.0, 55.0) (324.0, -46.0, 604.0)
(33.0, 59.0) (329.0, -107.0, 598.0)
(29.0, 43.0) (332.0, -136.0, 595.0)
(20.0, 29.0) (323.0, -198.0, 592.0)
(11.0, 48.0) (303.0, -256.0, 589.0)
(6.0, 42.0) (290.0, -293.0, 585.0)
(356.0, 59.0) (247.0, -353.0, 588.0)
(352.0, 34.0) (222.0, -376.0, 588.0)
(343.0, 0.0) (162.0, -422.0, 592.0)
(338.0, 32.0) (130.0, -438.0, 593.0)
(338.0, 32.0) (130.0, -438.0, 593.0)
(320.0, 17.0) (-14.0, -467.0, 601.0)
(315.0, 37.0) (-52.0, -465.0, 604.0)
(306.0, 14.0) (-127.0, -450.0, 611.0)
(301.0, 41.0) (-161.0, -435.0, 613.0)
(292.0, 4.0) (-228.0, -396.0, 617.0)
(286.0, 43.0) (-259.0, -366.0, 622.0)
(286.0, 43.0) (-259.0, -366.0, 622.0)
(267.0, 45.0) (-339.0, -244.0, 634.0)
(263.0, 34.0) (-350.0, -215.0, 638.0)
(255.0, 30.0) (-361.0, -157.0, 645.0)
(252.0, 22.0) (-361.0, -134.0, 647.0)
(245.0, 35.0) (-364.0, -88.0, 651.0)
(243.0, 2.0) (-359.0, -70.0, 650.0)
(243.0, 2.0) (-359.0, -70.0, 650.0)
(228.0, 44.0) (-333.0, 19.0, 655.0)
(224.0, 28.0) (-325.0, 43.0, 657.0)
(215.0, 14.0) (-292.0, 88.0, 660.0)
(210.0, 44.0) (-280.0, 109.0, 662.0)
(200.0, 28.0) (-238.0, 146.0, 659.0)
(194.0, 43.0) (-191.0, 180.0, 668.0)
(181.0, 33.0) (-161.0, 195.0, 657.0)
(167.0, 10.0) (-101.0, 215.0, 656.0)
(158.0, 35.0) (-67.0, 225.0, 654.0)
(142.0, 30.0) (-2.0, 228.0, 649.0)
(133.0, 22.0) (34.0, 224.0, 644.0)
(115.0, 39.0) (103.0, 208.0, 639.0)
(107.0, 15.0) (136.0, 196.0, 637.0)
(89.0, 27.0) (201.0, 154.0, 628.0)
(73.0, 11.0) (258.0, 100.0, 620.0)
(64.0, 30.0) (284.0, 63.0, 614.0)
(48.0, 57.0) (319.0, -17.0, 605.0)
(41.0, 12.0) (330.0, -63.0, 601.0)
(28.0, 27.0) (335.0, -146.0, 596.0)
(18.0, 46.0) (322.0, -211.0, 594.0)
(13.0, 11.0) (312.0, -251.0, 590.0)
(2.0, 41.0) (276.0, -321.0, 592.0)
(356.0, 56.0) (248.0, -355.0, 588.0)
(347.0, 22.0) (191.0, -403.0, 590.0)
(342.0, 45.0) (161.0, -425.0, 592.0)
(333.0, 42.0) (94.0, -454.0, 594.0)
(325.0, 19.0) (27.0, -467.0, 598.0)
(321.0, 9.0) (-7.0, -471.0, 600.0)
(313.0, 20.0) (-71.0, -466.0, 603.0)
(309.0, 29.0) (-101.0, -455.0, 603.0)
(300.0, 17.0) (-172.0, -432.0, 609.0)
(295.0, 23.0) (-206.0, -411.0, 614.0)
(295.0, 23.0) (-206.0, -411.0, 614.0)
(273.0, 53.0) (-320.0, -287.0, 631.0)
(269.0, 10.0) (-335.0, -254.0, 635.0)
(259.0, 16.0) (-355.0, -183.0, 642.0)
(253.0, 35.0) (-364.0, -144.0, 646.0)
(244.0, 57.0) (-361.0, -83.0, 651.0)
(239.0, 52.0) (-349.0, -20.0, 659.0)
(230.0, 18.0) (-338.0, 10.0, 660.0)
(219.0, 33.0) (-308.0, 68.0, 659.0)
(213.0, 59.0) (-292.0, 95.0, 662.0)
(201.0, 45.0) (-247.0, 144.0, 661.0)
(195.0, 41.0) (-219.0, 161.0, 662.0)
