67
67
55
38
34
40
64
101
139
258
359
595
752
865
972
1030
1051
1055
1067
1086
1114
1139
1180
1202
1225
1267
1302
1320
1339
1372
1442
1479
1521
1567
1614
1655
1755
1868
1955
2009
2054
2095
2185
2229
2283
2314
2337
2368
2387
2382
2425
2487
2510
2490
2544
2723
2821
2884
2926
3003
3068
3124
3190
3236
3264
3298
3348
3362
3383
3396
3401
3443
3469
3484
3531
3554
3547
3532
3526
3531
3536
3533
3527
3529
3536
3539
3534
3536
3542
3542
3539
3543
3550
3544
3537
3540
3549
3557
3558
3563
3567
3563
3562
3565
3566
3569
3581
5
3
4
7
5
7
4
1
2
1
0
0
0
3598
3
4
6
8
6
5
6
3
2
4
3
5
2
1
2
2
0
0
3598
0
3599
3597
1
0
