2666
2666
2665
2666
2666
2667
2671
2677
2681
2686
2688
2688
2689
2695
2699
2699
2699
2699
2698
2699
2700
2708
2722
2733
2743
2751
2755
2768
2781
2797
2810
2824
2837
2851
2868
2884
2900
2915
2930
2944
2957
2969
2990
3000
3012
3021
3033
3046
3060
3071
3084
3094
3107
3120
3128
3138
3145
3155
3165
3176
3190
3202
3208
3216
3224
3231
3245
3259
3273
3291
3305
3322
3336
3345
3359
3383
3397
3405
3414
3423
3431
3446
3458
3478
3496
3519
3539
3557
3574
3591
4
13
26
37
53
61
71
82
91
102
112
123
135
143
153
165
170
179
185
204
214
227
234
245
257
264
278
288
305
321
331
344
357
377
393
402
419
434
453
467
481
569
585
598
609
618
628
642
662
688
715
736
765
789
816
851
879
902
925
956
987
1015
1037
1061
1077
1096
1111
1120
1127
1138
1155
1176
1197
1210
1220
1239
1257
1273
1286
1303
1322
1343
1365
1385
1397
1410
1438
1453
1469
1482
1500
1523
1539
1549
1559
1575
1591
1614
1641
1656
1667
1680
1684
1689
1697
1709
1725
1739
1751
1763
1780
1795
1808
1817
1826
1832
1840
1848
1857
1882
1895
1906
1918
1930
1939
1949
1959
1967
1981
1994
2001
2008
2016
2023
2029
2037
2045
2055
2065
2075
2085
2097
2107
2116
2126
2133
2138
2143
2149
2154
2159
2175
2185
2196
2206
2216
2228
2239
2248
2256
2263
2272
2280
2288
2294
2298
2302
2308
2321
2333
2345
2359
2371
2379
2386
2395
2404
2412
2418
2423
2427
2434
2442
2449
2464
2469
2474
2481
2486
2488
2493
2501
2508
2514
2520
2525
2530
2536
2541
2551
2563
2571
2575
2579
2587
2596
2604
2614
2622
2628
2635
2647
2660
2672
2681
2688
2692
2699
2712
2713
2716
2721
2725
2729
2735
2743
2753
2759
2756
2761
2769
2779
2788
2796
2804
2813
2822
2832
2842
2852
2860
2869
2878
2886
2896
2911
2931
2949
2965
2979
2992
3019
3041
3060
3079
3097
3107
3116
3125
3132
3145
3159
3169
3189
3207
3226
3249
3268
3292
3314
3332
3354
3374
3395
3409
3429
3444
3461
3472
3483
3500
3512
3511
3510
3512
3510
3510
3513
3510
3510
3510
3513
3510
3510
3510
3510
3513
3510
3510
3510
3512
3510
3510
3510
3512
3509
3509
3510
3510
3512
3510
3510
3510
3510
3512
3510
3510
3512
3509
3512
3509
3509
3510
3510
3512
3510
3510
3510
3512
3510
3510
3510
3512
3510
3510
3510
3510
3512
3510
3510
3511
3514
3524
3534
3548
3567
3591
12
39
72
111
151
208
225
242
250
261
280
305
350
408
551
618
671
720
771
823
879
935
1001
1062
1108
1121
1123
1124
1122
1122
1121
1121
1121
1121
1121
1121
1121
1121
1121
1121
1121
1122
1121
1121
1120
1121
1121
1121
1121
1121
1121
1120
1121
1122
1121
1122
1121
1121
1122
1121
1122
1121
1121
1120
1121
1121
1121
1122
1120
1122
1121
1121
1121
1121
1122
1121
1121
1121
1121
1121
1121
1121
1121
1121
1120
1120
1120
1120
1120
1120
1120
1120
1121
1123
1127
1139
1161
1193
1232
1275
1324
1388
1466
1624
1696
1768
1830
1879
1930
1976
2017
2050
2077
2100
2122
2141
2151
2154
2156
2156
2153
2154
2154
2153
2153
2154
2154
2153
2153
2153
2153
2153
2153
2154
2153
2154
2153
2154
2152
2153
2153
2153
2153
2154
2153
2153
2154
2153
2153
2153
2153
2153
2153
2154
2153
2153
2153
2153
2153
2153
2153
2153
2153
2154
2154
2153
2153
2154
2153
2153
2153
2154
2153
2153
2154
2154
2153
2154
2158
2167
2179
2194
2209
2224
2243
2264
2284
2308
2336
2360
2382
2404
2433
2466
2502
2540
2578
2613
2648
2681
2714
2745
2765
2783
2806
2814
2819
2820
2820
2819
2819
2819
2819
2819
2819
2819
2818
2819
2819
2818
2818
2819
2818
2819
2819
2819
2819
2819
2819
2819
2819
2819
2819
2819
2819
2819
2819
2819
2819
2819
2819
2819
2819
2819
2819
2819
2818
2819
2819
2819
